 &FCI NORB=  10,NELEC=10,MS2=0,
  ORBSYM=1,1,1,1,1,1,1,1,1,1,
  ISYM=1,
 &END
 0.4930713145456138    1    1    1    1
 0.01317257415307195    2    1    1    1
 0.01716052712307825    2    1    2    1
 0.2006737553547253    2    2    1    1
 0.01088213860336257    2    2    2    1
 0.4965906562563422    2    2    2    2
 0.0002401623681755005    3    1    1    1
 -0.002705458272320253    3    1    2    1
 -0.01616564197476252    3    1    2    2
 0.002397246707534337    3    1    3    1
 -0.008130973285975628    3    2    1    1
 -0.007983985489104692    3    2    2    1
 0.01413497576519965    3    2    2    2
 -0.0033432455051803    3    2    3    1
 0.01602330815075809    3    2    3    2
 0.09315015967232942    3    3    1    1
 -0.01074338860646707    3    3    2    1
 0.2017810608585175    3    3    2    2
 0.004084282118526589    3    3    3    1
 0.004084694637634882    3    3    3    2
 0.5181630978945202    3    3    3    3
 0.0002401623683194394    4    1    1    1
 0.002860886261828355    4    1    2    1
 0.004617162564700142    4    1    2    2
 -0.0009500839221285652    4    1    3    1
 -3.471626215503307e-05    4    1    3    2
 0.001563216904370251    4    1    3    3
 0.002397246707530995    4    1    4    1
 0.006009553138300803    4    2    1    1
 0.001262485251203159    4    2    2    1
 -0.001867919628440853    4    2    2    2
 0.000125448161773122    4    2    3    1
 -0.001251672111750223    4    2    3    2
 -0.002801564187007082    4    2    3    3
 -0.0006597936283350147    4    2    4    1
 0.0005587674173109533    4    2    4    2
 -0.002323103376630519    4    3    1    1
 -9.616522871337855e-06    4    3    2    1
 -0.00244862872788122    4    3    2    2
 0.0002932858921404505    4    3    3    1
 -0.0006854256336743397    4    3    3    2
 0.001953395440266964    4    3    3    3
 0.0002932858921376685    4    3    4    1
 -0.0001493505491333854    4    3    4    2
 0.0001395357979399574    4    3    4    3
 0.09315015967232571    4    4    1    1
 -0.003083229263577888    4    4    2    1
 0.05903981286000837    4    4    2    2
 0.001563216904350175    4    4    3    1
 -0.0009716895963448802    4    4    3    2
 0.04321461561870294    4    4    3    3
 0.004084282118369799    4    4    4    1
 -0.003311572683448305    4    4    4    2
 0.00195339544026005    4    4    4    3
 0.5181630978945272    4    4    4    4
 0.01317257415304858    5    1    1    1
 -0.00844944333190811    5    1    2    1
 -0.009650421014176505    5    1    2    2
 0.002860886261822104    5    1    3    1
 2.257427640026519e-05    5    1    3    2
 -0.003083229263588308    5    1    3    3
 -0.002705458272313585    5    1    4    1
 8.100948436658022e-05    5    1    4    2
 -9.61652286861428e-06    5    1    4    3
 -0.0107433886064561    5    1    4    4
 0.01716052712308382    5    1    5    1
 -0.01731202731830659    5    2    1    1
 -0.003198116307262317    5    2    2    1
 0.001363568569989682    5    2    2    2
 -0.0001927448733261998    5    2    3    1
 0.002981084748974079    5    2    3    2
 0.005616798903455599    5    2    3    3
 -0.0001927448733325968    5    2    4    1
 -0.0005641110990421078    5    2    4    2
 1.694129408567585e-05    5    2    4    3
 0.005616798903436459    5    2    4    4
 -0.003198116307259774    5    2    5    1
 0.002622388380440528    5    2    5    2
 0.006009553138290435    5    3    1    1
 8.100948436947188e-05    5    3    2    1
 0.006097191468790109    5    3    2    2
 -0.0006597936283405499    5    3    3    1
 0.001489618834105412    5    3    3    2
 -0.003311572683427733    5    3    3    3
 0.0001254481617781412    5    3    4    1
 -1.035586796433813e-05    5    3    4    2
 -0.0001493505491335027    5    3    4    3
 -0.002801564187010078    5    3    4    4
 0.001262485251195335    5    3    5    1
 -0.0005641110990391048    5    3    5    2
 0.0005587674173105002    5    3    5    3
 -0.008130973285969524    5    4    1    1
 2.257427639677902e-05    5    4    2    1
 -0.002551761348710019    5    4    2    2
 -3.471626215063997e-05    5    4    3    1
 5.552080644469835e-05    5    4    3    2
 -0.0009716895963460259    5    4    3    3
 -0.003343245505184685    5    4    4    1
 0.00148961883410295    5    4    4    2
 -0.0006854256336739662    5    4    4    3
 0.004084694637624874    5    4    4    4
 -0.00798398548910117    5    4    5    1
 0.002981084748968889    5    4    5    2
 -0.001251672111747618    5    4    5    3
 0.01602330815075392    5    4    5    4
 0.2006737553547398    5    5    1    1
 -0.009650421014161723    5    5    2    1
 0.09318585172799899    5    5    2    2
 0.004617162564646718    5    5    3    1
 -0.002551761348705007    5    5    3    2
 0.05903981286000724    5    5    3    3
 -0.01616564197476203    5    5    4    1
 0.006097191468777415    5    5    4    2
 -0.002448628727875954    5    5    4    3
 0.2017810608585107    5    5    4    4
 0.01088213860339617    5    5    5    1
 0.001363568569943804    5    5    5    2
 -0.001867919628464824    5    5    5    3
 0.01413497576521289    5    5    5    4
 0.4965906562563352    5    5    5    5
 -6.178572447596546e-13    6    1    1    1
 -0.04165869132291257    6    1    2    1
 -0.04553819333268516    6    1    2    2
 0.01309699857547223    6    1    3    1
 0.001222465982063638    6    1    3    2
 -0.01352987197362015    6    1    3    3
 -0.01309699857552402    6    1    4    1
 -0.0001444676472604451    6    1    4    2
 0.01352987197358556    6    1    4    4
 0.04165869132287023    6    1    5    1
 4.262762057798295e-14    6    1    5    2
 0.0001444676472304714    6    1    5    3
 -0.001222465981962581    6    1    5    4
 0.04553819333334945    6    1    5    5
 0.2042415963010694    6    1    6    1
 -0.05731284698525321    6    2    1    1
 -0.001610651309447516    6    2    2    1
 0.05933746991384619    6    2    2    2
 -0.002712004037627223    6    2    3    1
 0.003583192906307232    6    2    3    2
 0.02064865242988193    6    2    3    3
 0.0005386529650318945    6    2    4    1
 -0.0015701357357839    6    2    4    2
 1.284254143929028e-05    6    2    4    3
 -0.006960509259347418    6    2    4    4
 -0.003236028593375968    6    2    5    1
 0.003642208635392827    6    2    5    2
 -3.648285810355862e-05    6    2    5    3
 0.0007863288729969278    6    2    5    4
 -0.01941989242324114    6    2    5    5
 -0.004624709169559987    6    2    6    1
 0.02459996625254315    6    2    6    2
 0.02194563965453714    6    3    1    1
 -0.0002893917903478826    6    3    2    1
 0.0009364421718965003    6    3    2    2
 -0.0005438915828565388    6    3    3    1
 0.001697755026511659    6    3    3    2
 -0.02449905656240958    6    3    3    3
 -0.0001964497822442956    6    3    4    1
 0.0003097977953265668    6    3    4    2
 -0.0003397186272920943    6    3    4    3
 0.003277244916533991    6    3    4    4
 0.001187317476178205    6    3    5    1
 -0.0008091483707895646    6    3    5    2
 0.0007225619768669719    6    3    5    3
 -0.0002991427742356834    6    3    5    4
 0.008365792724412261    6    3    5    5
 0.002810408820640931    6    3    6    1
 -0.004449011469366987    6    3    6    2
 0.003076518286000189    6    3    6    3
 -0.02194563965465711    6    4    1    1
 -0.001187317476192871    6    4    2    1
 -0.008365792724306976    6    4    2    2
 0.0001964497822443311    6    4    3    1
 0.0002991427742547752    6    4    3    2
 -0.003277244916540941    6    4    3    3
 0.0005438915827320685    6    4    4    1
 -0.0007225619768250976    6    4    4    2
 0.000339718627270037    6    4    4    3
 0.02449905656328943    6    4    4    4
 0.0002893917903185407    6    4    5    1
 0.0008091483708034798    6    4    5    2
 -0.0003097977953263745    6    4    5    3
 -0.001697755026110244    6    4    5    4
 -0.0009364421722733437    6    4    5    5
 0.002810408820749369    6    4    6    1
 0.0028967883613393    6    4    6    2
 -0.001057985208189027    6    4    6    3
 0.003076518286024485    6    4    6    4
 0.0573128469857075    6    5    1    1
 0.003236028593386955    6    5    2    1
 0.01941989242302153    6    5    2    2
 -0.0005386529650310981    6    5    3    1
 -0.0007863288730336643    6    5    3    2
 0.006960509259380984    6    5    3    3
 0.002712004037697537    6    5    4    1
 3.648285808974604e-05    6    5    4    2
 -1.284254142614299e-05    6    5    4    3
 -0.02064865242992608    6    5    4    4
 0.001610651310030888    6    5    5    1
 -0.003642208635603148    6    5    5    2
 0.001570135735866995    6    5    5    3
 -0.003583192906929036    6    5    5    4
 -0.05933746991416948    6    5    5    5
 -0.004624709169901806    6    5    6    1
 -0.00819925555774368    6    5    6    2
 0.002896788361301927    6    5    6    3
 -0.00444901146920255    6    5    6    4
 0.02459996625277961    6    5    6    5
 0.5068093501914495    6    6    1    1
 0.01407165410213407    6    6    2    1
 0.2085315084952452    6    6    2    2
 0.0001825835231302873    6    6    3    1
 -0.00896149042998599    6    6    3    2
 0.09401130358689717    6    6    3    3
 0.0001825835233805316    6    6    4    1
 0.006346245206447256    6    6    4    2
 -0.002436594519433447    6    6    4    3
 0.09401130358708013    6    6    4    4
 0.01407165410146514    6    6    5    1
 -0.0183784100527668    6    6    5    2
 0.006346245206386987    6    6    5    3
 -0.008961490429671157    6    6    5    4
 0.2085315084949516    6    6    5    5
 -1.661109962170606e-12    6    6    6    1
 -0.06026145403013236    6    6    6    2
 0.02314858828345102    6    6    6    3
 -0.02314858828364087    6    6    6    4
 0.0602614540306815    6    6    6    5
 0.5331236334006245    6    6    6    6
 -0.02215044580876212    7    1    1    1
 0.0004411170993621314    7    1    2    1
 -0.002389789242925015    7    1    2    2
 0.0005183970204523621    7    1    3    1
 -0.001544398989370993    7    1    3    2
 0.02387765817655173    7    1    3    3
 0.0001709612147939563    7    1    4    1
 -0.0002773964139860016    7    1    4    2
 0.0003320375053117707    7    1    4    3
 -0.003266462132156764    7    1    4    4
 -0.00108504366953666    7    1    5    1
 0.0007249207234932381    7    1    5    2
 -0.000701553079076729    7    1    5    3
 0.0002696533966109125    7    1    5    4
 -0.008185531827619337    7    1    5    5
 -0.002604962667491485    7    1    6    1
 0.003800660586514855    7    1    6    2
 -0.002932137200149405    7    1    6    3
 0.001031327142421895    7    1    6    4
 -0.002799288204373678    7    1    6    5
 -0.02278952765269609    7    1    6    6
 0.003063048151101242    7    1    7    1
 0.01711777621584096    7    2    1    1
 0.001803121642665393    7    2    2    1
 0.05872369771936643    7    2    2    2
 -0.003857283961730012    7    2    3    1
 0.003631840577312534    7    2    3    2
 -0.05574501589947911    7    2    3    3
 0.0004090525551361065    7    2    4    1
 -0.0001241156300109064    7    2    4    2
 -0.0008580657093170763    7    2    4    3
 0.002995618274537319    7    2    4    4
 -0.0008343988016121946    7    2    5    1
 -6.753029049182298e-05    7    2    5    2
 0.001826642287075599    7    2    5    3
 -0.0002285461378562273    7    2    5    4
 0.006194875037332716    7    2    5    5
 -0.003337916234876392    7    2    6    1
 0.008645134668593025    7    2    6    2
 0.004647887715423358    7    2    6    3
 -0.0007929046559073941    7    2    6    4
 0.001897978900385303    7    2    6    5
 0.0182970503788665    7    2    6    6
 -0.005288415820353267    7    2    7    1
 0.02319839932607097    7    2    7    2
 -0.01193052467298577    7    3    1    1
 0.00141140420819081    7    3    2    1
 -0.04187353788246945    7    3    2    2
 0.01463460674583068    7    3    3    1
 -0.04207794969878989    7    3    3    2
 -0.008527581365432989    7    3    3    3
 -0.0001868979608079143    7    3    4    1
 0.0003462432681034852    7    3    4    2
 0.003006598146870783    7    3    4    3
 -0.002903890236499894    7    3    4    4
 0.0003725873003011157    7    3    5    1
 -0.0007042216970031527    7    3    5    2
 -0.006617115036609179    7    3    5    3
 0.0001193033845123239    7    3    5    4
 -0.005300559550844948    7    3    5    5
 0.001726549734209553    7    3    6    1
 -0.003531425587775288    7    3    6    2
 -0.005178667897910847    7    3    6    3
 0.0004221094123976675    7    3    6    4
 -0.0009868806801492061    7    3    6    5
 -0.01221382729283981    7    3    6    6
 0.005613255255589694    7    3    7    1
 -0.01095619053770087    7    3    7    2
 0.2198629869590961    7    3    7    3
 -5.403579744310174e-05    7    4    1    1
 -4.297852153525948e-05    7    4    2    1
 0.0001873986110779486    7    4    2    2
 0.0002229134705948952    7    4    3    1
 -0.0004391175577072244    7    4    3    2
 0.005353826888920131    7    4    3    3
 -0.0002289304532415569    7    4    4    1
 0.0001085392782055808    7    4    4    2
 -8.480279692625556e-07    7    4    4    3
 -0.005439253388053416    7    4    4    4
 4.956912580218112e-05    7    4    5    1
 -1.62778311487216e-06    7    4    5    2
 -0.000105749531190899    7    4    5    3
 0.0004755684937202141    7    4    5    4
 -0.000368523656698706    7    4    5    5
 0.000411846902520331    7    4    6    1
 6.144489994036305e-05    7    4    6    2
 -0.0003743070102577967    7    4    6    3
 -0.000384530493005729    7    4    6    4
 0.0001005927663247089    7    4    6    5
 -5.917939154375174e-05    7    4    6    6
 0.0003973860167561193    7    4    7    1
 -0.001059714495697224    7    4    7    2
 0.001589960473262374    7    4    7    3
 0.000168458295247146    7    4    7    4
 0.001268152596137696    7    5    1    1
 1.909729469150409e-06    7    5    2    1
 -0.00018738112469399    7    5    2    2
 -0.000417182020355188    7    5    3    1
 0.0008765216006891768    7    5    3    2
 -0.01148817314752815    7    5    3    3
 -0.0002679102920326585    7    5    4    1
 0.0001170767582420658    7    5    4    2
 -0.0001575279642771464    7    5    4    3
 0.004536217950840923    7    5    4    4
 -0.00056999540386117    7    5    5    1
 0.0002653660554826381    7    5    5    2
 8.636222511046079e-05    7    5    5    3
 0.0006773634186155193    7    5    5    4
 0.01054931981380494    7    5    5    5
 -0.0008859107900200469    7    5    6    1
 -0.0003063529632390701    7    5    6    2
 0.000869083332260649    7    5    6    3
 9.912359590259625e-05    7    5    6    4
 -0.001939857679008507    7    5    6    5
 0.001357051664881297    7    5    6    6
 -0.0009192021312416396    7    5    7    1
 0.002312569153665786    7    5    7    2
 -0.003090957555824591    7    5    7    3
 -0.000200018572830119    7    5    7    4
 0.0006934674399205468    7    5    7    5
 0.0002356458141287589    7    6    1    1
 0.002521825315272567    7    6    2    1
 0.01777956622017487    7    6    2    2
 -0.002338663338517919    7    6    3    1
 0.003140942176925539    7    6    3    2
 -0.003263357487226399    7    6    3    3
 0.0009555533342598607    7    6    4    1
 -0.0001495760535124191    7    6    4    2
 -0.0002846604266210487    7    6    4    3
 -0.001548154960246175    7    6    4    4
 -0.002855251357413697    7    6    5    1
 0.0002407342425740769    7    6    5    2
 0.0006431218183197597    7    6    5    3
 4.426975015122715e-05    7    6    5    4
 -0.004701369191684571    7    6    5    5
 -0.01326841729047719    7    6    6    1
 0.003273840555325804    7    6    6    2
 0.0004250675012412342    7    6    6    3
 -0.0002261802712512212    7    6    6    4
 0.0006598209204868288    7    6    6    5
 0.0002994049812205554    7    6    6    6
 -0.0006248905984752536    7    6    7    1
 0.004442557248620446    7    6    7    2
 -0.0150077175653307    7    6    7    3
 -0.0002369483188741553    7    6    7    4
 0.0004435992597061583    7    6    7    5
 0.002534931829073616    7    6    7    6
 0.09383925973744099    7    7    1    1
 -0.01165533652234014    7    7    2    1
 0.2087153300220829    7    7    2    2
 0.004164877944450655    7    7    3    1
 0.004517437083401732    7    7    3    2
 0.5301849315103919    7    7    3    3
 0.00162535044874255    7    7    4    1
 -0.002997669738145567    7    7    4    2
 0.002003031502727765    7    7    4    3
 0.0432542834671512    7    7    4    4
 -0.003219869493079123    7    7    5    1
 0.0060372592407255    7    7    5    2
 -0.003394131667186016    7    7    5    3
 -0.001000203065013357    7    7    5    4
 0.05918933925037607    7    7    5    5
 -0.01383546832104894    7    7    6    1
 0.02192441016272897    7    7    6    2
 -0.02509502893706311    7    7    6    3
 -0.003333549297670486    7    7    6    4
 0.007083395541129206    7    7    6    5
 0.094703906024867    7    7    6    6
 0.02512063993675611    7    7    7    1
 -0.05838200788269862    7    7    7    2
 -0.007559791723322516    7    7    7    3
 0.005620868463082229    7    7    7    4
 -0.01206981047226781    7    7    7    5
 -0.003459321401645334    7    7    7    6
 0.5555822265273052    7    7    7    7
 -0.02215044580512842    8    1    1    1
 -0.001085043669972174    8    1    2    1
 -0.008185531830464696    8    1    2    2
 0.0001709612150568552    8    1    3    1
 0.0002696533965024722    8    1    3    2
 -0.003266462134021284    8    1    3    3
 0.0005183970202705276    8    1    4    1
 -0.0007015530790028607    8    1    4    2
 0.0003320375052996786    8    1    4    3
 0.02387765817703855    8    1    4    4
 0.0004411170999925845    8    1    5    1
 0.0007249207233070073    8    1    5    2
 -0.0002773964139575168    8    1    5    3
 -0.001544398989423677    8    1    5    4
 -0.002389789241493127    8    1    5    5
 0.002604962670029892    8    1    6    1
 0.002799288203171069    8    1    6    2
 -0.001031327142094566    8    1    6    3
 0.002932137200004618    8    1    6    4
 -0.0038006605859419    8    1    6    5
 -0.02278952764903302    8    1    6    6
 0.001060877323846455    8    1    7    1
 -0.0007728055114309364    8    1    7    2
 0.0004228002266910515    8    1    7    3
 -0.0003698337746181561    8    1    7    4
 4.33072006624609e-05    8    1    7    5
 -0.0002002840651565317    8    1    7    6
 -0.003329144133049945    8    1    7    7
 0.003063048150781995    8    1    8    1
 0.001268152592995115    8    2    1    1
 -0.0005699954057966467    8    2    2    1
 0.01054931981213163    8    2    2    2
 -0.0002679102919434562    8    2    3    1
 0.0006773634202792667    8    2    3    2
 0.004536217955131843    8    2    3    3
 -0.000417182020388697    8    2    4    1
 8.636222483770352e-05    8    2    4    2
 -0.0001575279642554697    8    2    4    3
 -0.01148817314790927    8    2    4    4
 1.909729517479526e-06    8    2    5    1
 0.0002653660561682332    8    2    5    2
 0.0001170767581912356    8    2    5    3
 0.000876521600727098    8    2    5    4
 -0.0001873811255952499    8    2    5    5
 0.0008859107904664394    8    2    6    1
 0.001939857679151238    8    2    6    2
 -9.912359603599437e-05    8    2    6    3
 -0.0008690833321283119    8    2    6    4
 0.0003063529628545199    8    2    6    5
 0.001357051661483182    8    2    6    6
 4.33072007700038e-05    8    2    7    1
 0.001337918258990493    8    2    7    2
 -0.0006290051937459629    8    2    7    3
 0.0001849425697095483    8    2    7    4
 -5.392969751710831e-05    8    2    7    5
 0.0003249283502408862    8    2    7    6
 0.004758696621418474    8    2    7    7
 -0.0009192021311939945    8    2    8    1
 0.000693467440038204    8    2    8    2
 -5.403579601763595e-05    8    3    1    1
 4.956912584687986e-05    8    3    2    1
 -0.000368523652772006    8    3    2    2
 -0.0002289304539286437    8    3    3    1
 0.0004755684953661655    8    3    3    2
 -0.005439253390627557    8    3    3    3
 0.000222913470617308    8    3    4    1
 -0.0001057495312026688    8    3    4    2
 -8.480281153326864e-07    8    3    4    3
 0.005353826889163632    8    3    4    4
 -4.297852157344555e-05    8    3    5    1
 -1.627783109320736e-06    8    3    5    2
 0.0001085392785240184    8    3    5    3
 -0.0004391175577267762    8    3    5    4
 0.0001873986115839728    8    3    5    5
 -0.0004118469027069911    8    3    6    1
 -0.0001005927659245602    8    3    6    2
 0.0003845304934407706    8    3    6    3
 0.0003743070101911158    8    3    6    4
 -6.144489976418222e-05    8    3    6    5
 -5.917939006072264e-05    8    3    6    6
 -0.0003698337750452052    8    3    7    1
 0.0009492247030233775    8    3    7    2
 -0.001494708454908146    8    3    7    3
 -0.0001617419383918381    8    3    7    4
 0.000184942569897992    8    3    7    5
 0.0002110988089071818    8    3    7    6
 -0.005565019974796273    8    3    7    7
 0.0003973860167046955    8    3    8    1
 -0.0002000185727698507    8    3    8    2
 0.0001684582954472794    8    3    8    3
 -0.01193052467321743    8    4    1    1
 0.0003725873003081807    8    4    2    1
 -0.005300559551384541    8    4    2    2
 -0.0001868979607961059    8    4    3    1
 0.0001193033844974564    8    4    3    2
 -0.002903890236912161    8    4    3    3
 0.01463460674584202    8    4    4    1
 -0.006617115036609932    8    4    4    2
 0.003006598146874687    8    4    4    3
 -0.008527581364668245    8    4    4    4
 0.001411404208212014    8    4    5    1
 -0.0007042216969995131    8    4    5    2
 0.0003462432680993702    8    4    5    3
 -0.0420779496988529    8    4    5    4
 -0.04187353788222595    8    4    5    5
 -0.001726549734327093    8    4    6    1
 0.0009868806801411681    8    4    6    2
 -0.0004221094124148707    8    4    6    3
 0.005178667895664683    8    4    6    4
 0.003531425587924114    8    4    6    5
 -0.0122138272934331    8    4    6    6
 0.0004228002266866281    8    4    7    1
 -0.000384090473638341    8    4    7    2
 0.0003235975301570398    8    4    7    3
 -0.001494708447039497    8    4    7    4
 -0.0006290051936478758    8    4    7    5
 0.0001798640458632058    8    4    7    6
 -0.002920522092726811    8    4    7    7
 0.005613255255508361    8    4    8    1
 -0.003090957555821001    8    4    8    2
 0.001589960473242364    8    4    8    3
 0.2198629869595028    8    4    8    4
 0.01711777621624113    8    5    1    1
 -0.0008343988016033881    8    5    2    1
 0.006194875038568996    8    5    2    2
 0.0004090525551000531    8    5    3    1
 -0.0002285461378236183    8    5    3    2
 0.002995618275421039    8    5    3    3
 -0.003857283961631716    8    5    4    1
 0.001826642287049419    8    5    4    2
 -0.000858065709310735    8    5    4    3
 -0.05574501590010875    8    5    4    4
 0.001803121642587661    8    5    5    1
 -6.753029049282604e-05    8    5    5    2
 -0.000124115629996119    8    5    5    3
 0.003631840577339007    8    5    5    4
 0.05872369771725672    8    5    5    5
 0.00333791623506387    8    5    6    1
 -0.001897978900299977    8    5    6    2
 0.0007929046559138309    8    5    6    3
 -0.004647887715674844    8    5    6    4
 -0.008645134668252884    8    5    6    5
 0.01829705037926968    8    5    6    6
 -0.0007728055112184555    8    5    7    1
 0.0005638531082246598    8    5    7    2
 -0.0003840904735851787    8    5    7    3
 0.0009492247016854732    8    5    7    4
 0.001337918259701286    8    5    7    5
 -0.0004389275805342042    8    5    7    6
 0.003027924978293418    8    5    7    7
 -0.005288415820290509    8    5    8    1
 0.002312569153633307    8    5    8    2
 -0.001059714495665188    8    5    8    3
 -0.01095619053771242    8    5    8    4
 0.02319839932549513    8    5    8    5
 -0.0002356458101716965    8    6    1    1
 0.002855251356775981    8    6    2    1
 0.0047013691919315    8    6    2    2
 -0.0009555533340605307    8    6    3    1
 -4.42697500180301e-05    8    6    3    2
 0.001548154961348852    8    6    3    3
 0.002338663338341871    8    6    4    1
 -0.0006431218182738638    8    6    4    2
 0.0002846604265912638    8    6    4    3
 0.003263357482377821    8    6    4    4
 -0.002521825314334315    8    6    5    1
 -0.0002407342427753451    8    6    5    2
 0.0001495760536108782    8    6    5    3
 -0.003140942177320251    8    6    5    4
 -0.01777956621977882    8    6    5    5
 -0.01326841728813536    8    6    6    1
 0.0006598209197578278    8    6    6    2
 -0.0002261802710302979    8    6    6    3
 0.0004250675006815513    8    6    6    4
 0.003273840556132457    8    6    6    5
 -0.0002994049769341039    8    6    6    6
 0.0002002840647065226    8    6    7    1
 0.0004389275804493181    8    6    7    2
 -0.0001798640454817153    8    6    7    3
 -0.000211098808156444    8    6    7    4
 -0.0003249283504128397    8    6    7    5
 0.00100002340733212    8    6    7    6
 0.001606452990413356    8    6    7    7
 0.0006248905978624197    8    6    8    1
 -0.0004435992596065464    8    6    8    2
 0.0002369483188311142    8    6    8    3
 0.01500771756587847    8    6    8    4
 -0.004442557247688796    8    6    8    5
 0.002534931828723662    8    6    8    6
 0.002374910153801451    8    7    1    1
 -1.090427944589023e-05    8    7    2    1
 0.002614471532947432    8    7    2    2
 -0.0002818699295633732    8    7    3    1
 0.0006480902507610335    8    7    3    2
 -0.001795588995921421    8    7    3    3
 -0.000281869929298091    8    7    4    1
 0.0001417464338896746    8    7    4    2
 -0.0001353187526675245    8    7    4    3
 -0.001795588979951099    8    7    4    4
 -1.090427944319428e-05    8    7    5    1
 -3.390503277919527e-06    8    7    5    2
 0.0001417464340306784    8    7    5    3
 0.0006480902502518772    8    7    5    4
 0.002614471536808682    8    7    5    5
 3.634306791999268e-13    8    7    6    1
 4.532324954689464e-05    8    7    6    2
 0.000319937785335413    8    7    6    3
 -0.0003199377842863854    8    7    6    4
 -4.532325033360667e-05    8    7    6    5
 0.002475046580873767    8    7    6    6
 -0.0003494545677334936    8    7    7    1
 0.0009448032667199138    8    7    7    2
 -0.003076193973921473    8    7    7    3
 -5.231474026488966e-06    8    7    7    4
 0.0001694239803119255    8    7    7    5
 0.0003080100456237011    8    7    7    6
 -0.001902578587213741    8    7    7    7
 -0.0003494545666724696    8    7    8    1
 0.0001694239797150081    8    7    8    2
 -5.231473462584711e-06    8    7    8    3
 -0.003076193971976191    8    7    8    4
 0.0009448032643473198    8    7    8    5
 -0.0003080100453356671    8    7    8    6
 0.0001435092046188365    8    7    8    7
 0.09383925973665046    8    8    1    1
 -0.003219869493113827    8    8    2    1
 0.05918933925042747    8    8    2    2
 0.001625350448708893    8    8    3    1
 -0.00100020306494556    8    8    3    2
 0.04325428346755168    8    8    3    3
 0.004164877944389692    8    8    4    1
 -0.003394131667267955    8    8    4    2
 0.002003031502743839    8    8    4    3
 0.5301849315109322    8    8    4    4
 -0.0116553365224432    8    8    5    1
 0.006037259240771149    8    8    5    2
 -0.002997669738163171    8    8    5    3
 0.004517437083270382    8    8    5    4
 0.208715330021093    8    8    5    5
 0.01383546832074468    8    8    6    1
 -0.007083395540950818    8    8    6    2
 0.003333549297607913    8    8    6    3
 0.02509502893802675    8    8    6    4
 -0.02192441016274796    8    8    6    5
 0.09470390602423936    8    8    6    6
 -0.00332914413103847    8    8    7    1
 0.003027924977320881    8    8    7    2
 -0.002920522092125351    8    8    7    3
 -0.005565019972151268    8    8    7    4
 0.004758696616840879    8    8    7    5
 -0.001606452989257559    8    8    7    6
 0.04329296355951372    8    8    7    7
 0.02512063993734233    8    8    8    1
 -0.01206981047267593    8    8    8    2
 0.005620868463338879    8    8    8    3
 -0.007559791721743704    8    8    8    4
 -0.05838200788365654    8    8    8    5
 0.003459321396621785    8    8    8    6
 -0.001902578570452731    8    8    8    7
 0.5555822265284484    8    8    8    8
 0.0598836490497487    9    1    1    1
 0.002916207373702476    9    1    2    1
 0.01900720540989687    9    1    2    2
 -0.0004414584591077375    9    1    3    1
 -0.0007066627782570967    9    1    3    2
 0.006960777714233643    9    1    3    3
 0.002954281981890663    9    1    4    1
 -4.671784052821733e-05    9    1    4    2
 1.59961106386722e-05    9    1    4    3
 -0.02107669168646021    9    1    4    4
 0.0006645119793907791    9    1    5    1
 -0.003361776556248326    9    1    5    2
 0.001468220555192877    9    1    5    3
 -0.003884289325760871    9    1    5    4
 -0.0564068410379685    9    1    5    5
 -0.00341111639442575    9    1    6    1
 -0.008115027714113428    9    1    6    2
 0.002892240145467243    9    1    6    3
 -0.004125713520254903    9    1    6    4
 0.02228730520302863    9    1    6    5
 0.06113443347983197    9    1    6    6
 -0.003028631263561698    9    1    7    1
 0.001860897827766121    9    1    7    2
 -0.0009940921533528884    9    1    7    3
 7.848379646629141e-05    9    1    7    4
 -0.001776287313846972    9    1    7    5
 0.0005223030157798034    9    1    7    6
 0.007110929784904933    9    1    7    7
 -0.004163263782842849    9    1    8    1
 0.0003666163968716351    9    1    8    2
 -8.734557373293853e-05    9    1    8    3
 0.003870412448651569    9    1    8    4
 -0.007728671544029194    9    1    8    5
 0.002788643039270565    9    1    8    6
 6.588359924427806e-07    9    1    8    7
 -0.02209191907436805    9    1    8    8
 0.02447595389317343    9    1    9    1
 -0.0007201945739642351    9    2    1    1
 0.0008828483188436049    9    2    2    1
 -0.02435108016163573    9    2    2    2
 0.00075797418557855    9    2    3    1
 -0.001452466822104875    9    2    3    2
 -0.009720663532040229    9    2    3    3
 -0.0008320325555428596    9    2    4    1
 0.0005848291359146044    9    2    4    2
 -5.447943000208963e-06    9    2    4    3
 0.009926400972933638    9    2    4    4
 -0.0007414057586054317    9    2    5    1
 -8.700720284069444e-06    9    2    5    2
 -0.0005680900832583321    9    2    5    3
 0.001564478064915584    9    2    5    4
 0.02398626836895396    9    2    5    5
 -0.001884773384178476    9    2    6    1
 -0.00490719817882385    9    2    6    2
 0.000351336275403975    9    2    6    3
 0.0003809450884125358    9    2    6    4
 -0.004809046968123104    9    2    6    5
 -0.0008733000727636386    9    2    6    6
 -0.0002110676064083041    9    2    7    1
 -0.003200440331127998    9    2    7    2
 0.001450317858005921    9    2    7    3
 -5.633230890660174e-05    9    2    7    4
 0.0007403563854632016    9    2    7    5
 -0.0008955850702128435    9    2    7    6
 -0.01022226834480035    9    2    7    7
 0.0003383850262462863    9    2    8    1
 -0.0007696435696260538    9    2    8    2
 6.45593947752251e-05    9    2    8    3
 -0.001591510801387451    9    2    8    4
 0.003037872735054918    9    2    8    5
 -0.0008528110016798441    9    2    8    6
 -7.594860684207306e-06    9    2    8    7
 0.01035759471170535    9    2    8    8
 -0.005146913202764788    9    2    9    1
 0.003358240615382186    9    2    9    2
 -0.0008806994136875178    9    3    1    1
 2.416491621083974e-06    9    3    2    1
 0.0006362518982078552    9    3    2    2
 0.0004265218183459158    9    3    3    1
 -0.0009621773802723826    9    3    3    2
 0.0117172143042979    9    3    3    3
 0.0003029756818622595    9    3    4    1
 -0.0001253068593159586    9    3    4    2
 0.0001620950282268797    9    3    4    3
 -0.004640824449227555    9    3    4    4
 0.0004965781973474682    9    3    5    1
 -0.0002584276028418263    9    3    5    2
 -9.201492640330498e-05    9    3    5    3
 -0.0007242998934456297    9    3    5    4
 -0.01045535464744436    9    3    5    5
 0.0008552713347783832    9    3    6    1
 0.0003770590974150499    9    3    6    2
 -0.0008876800522052841    9    3    6    3
 -0.0001004462107960819    9    3    6    4
 0.001869638630738343    9    3    6    5
 -0.0009077698722653007    9    3    6    6
 0.0008510639888609569    9    3    7    1
 -0.002069024640466681    9    3    7    2
 0.002889359009864568    9    3    7    3
 0.0001890719036159972    9    3    7    4
 -0.000666142886737691    9    3    7    5
 -0.0003857946924628989    9    3    7    6
 0.01199195214850095    9    3    7    7
 -8.197906797423688e-05    9    3    8    1
 7.044324131519245e-05    9    3    8    2
 -0.0001920443896932086    9    3    8    3
 0.0006927860481087022    9    3    8    4
 -0.001279026794436285    9    3    8    5
 0.0003095248001000199    9    3    8    6
 -0.0001553426189415495    9    3    8    7
 -0.004833015479192701    9    3    8    8
 0.002005186873915252    9    3    9    1
 -0.0008112798913761731    9    3    9    2
 0.0006948919480165316    9    3    9    3
 0.01753204134795617    9    4    1    1
 -0.0009155361620529911    9    4    2    1
 0.006214788746349243    9    4    2    2
 0.0004385863834292416    9    4    3    1
 -0.0002329876625063193    9    4    3    2
 0.003004220364888743    9    4    3    3
 -0.004194046052916073    9    4    4    1
 0.001966985518818189    9    4    4    2
 -0.000923435268228929    9    4    4    3
 -0.05959395600058798    9    4    4    4
 0.002143793081137583    9    4    5    1
 -0.0001820920301223887    9    4    5    2
 -7.106855385421133e-05    9    4    5    3
 0.004703047212161914    9    4    5    4
 0.05636628504068854    9    4    5    5
 0.003641986230732536    9    4    6    1
 -0.001935732779259862    9    4    6    2
 0.0008043580108095033    9    4    6    3
 -0.005128830481957168    9    4    6    4
 -0.007785212463825765    9    4    6    5
 0.01845832527500425    9    4    6    6
 -0.0007884276190089894    9    4    7    1
 0.0005647554054268451    9    4    7    2
 -0.00038402147228302    9    4    7    3
 0.00104214374062964    9    4    7    4
 0.001237514621266893    9    4    7    5
 -0.0004318163967658643    9    4    7    6
 0.003031933152795062    9    4    7    7
 -0.004961013133223629    9    4    8    1
 0.002168212004613438    9    4    8    2
 -0.0009925726329656063    9    4    8    3
 -0.009082888078912327    9    4    8    4
 0.02114605173033391    9    4    8    5
 -0.003897103577009058    9    4    8    6
 0.0008485370624249051    9    4    8    7
 -0.06056068264347616    9    4    8    8
 -0.007821378612007839    9    4    9    1
 0.003049025804757024    9    4    9    2
 -0.001278593327675868    9    4    9    3
 0.02364801242176668    9    4    9    4
 -0.04347556383180343    9    5    1    1
 0.001342346870942621    9    5    2    1
 -0.01271007263325498    9    5    2    2
 -0.0006156530708780892    9    5    3    1
 0.0003240655589348609    9    5    3    2
 -0.005677446853673606    9    5    3    3
 -0.0003482182657775066    9    5    4    1
 0.0002987048597421778    9    5    4    2
 -0.0001748941501933405    9    5    4    3
 0.05005365068409426    9    5    4    4
 -0.04199145446175499    9    5    5    1
 0.01449495193140654    9    5    5    2
 -0.005926426683393524    9    5    5    3
 0.03958730091450974    9    5    5    4
 -0.005583416086327629    9    5    5    5
 -0.008147007591486207    9    5    6    1
 0.003679465685951364    9    5    6    2
 -0.001389635130523392    9    5    6    3
 -0.001866609977956551    9    5    6    4
 -0.005010758279856314    9    5    6    5
 -0.04737298216427598    9    5    6    6
 0.00126704338234568    9    5    7    1
 -0.0009560864457655169    9    5    7    2
 0.0006800857919212381    9    5    7    3
 0.0003975501791973246    9    5    7    4
 0.001940673428954829    9    5    7    5
 0.000660983440691899    9    5    7    6
 -0.005744651751571257    9    5    7    7
 -0.001835763870751578    9    5    8    1
 0.0008850489243277559    9    5    8    2
 -0.0003869547029514279    9    5    8    3
 -0.009477962912175494    9    5    8    4
 -0.001826675713510143    9    5    8    5
 -0.0002969886127626091    9    5    8    6
 0.0001984449585862286    9    5    8    7
 0.05369748811666965    9    5    8    8
 -0.006533953608724771    9    5    9    1
 0.003865999912642561    9    5    9    2
 -0.002079042722622686    9    5    9    3
 -0.002833340527133041    9    5    9    4
 0.2065904512614169    9    5    9    5
 0.01888015221805425    9    6    1    1
 -0.008490432150876859    9    6    2    1
 -0.009095906989174543    9    6    2    2
 0.002954058087783957    9    6    3    1
 -5.022859456027465e-05    9    6    3    2
 -0.002918518885859938    9    6    3    3
 -0.002694831180426632    9    6    4    1
 0.0001642840385330793    9    6    4    2
 -3.926401748011585e-05    9    6    4    3
 -0.0102284986597184    9    6    4    4
 0.01648573665487572    9    6    5    1
 -0.003170168910844375    9    6    5    2
 0.00122534953716094    9    6    5    3
 -0.008022806969969669    9    6    5    4
 0.01686363704127663    9    6    5    5
 0.04326477159544501    9    6    6    1
 -0.004279333591090858    9    6    6    2
 0.001518539847000736    9    6    6    3
 0.0003037966328718028    9    6    6    4
 -0.0001026454538036981    9    6    6    5
 0.02064048425661498    9    6    6    6
 -0.001423856022327783    9    6    7    1
 -0.0008089661237194488    9    6    7    2
 0.0003105416160540153    9    6    7    3
 4.541544222477595e-05    9    6    7    4
 -0.0003742537179393168    9    6    7    5
 -0.003089770145200811    9    6    7    6
 -0.003043706033667431    9    6    7    7
 6.205015236851421e-06    9    6    8    1
 2.905566944245388e-05    9    6    8    2
 -5.883499959330418e-05    9    6    8    3
 0.001197216908059621    9    6    8    4
 0.002800438347147731    9    6    8    5
 -0.003036769411369327    9    6    8    6
 4.726684236415681e-05    9    6    8    7
 -0.01088188740661878    9    6    8    8
 0.002333090444175062    9    6    9    1
 -0.0007767625387718433    9    6    9    2
 0.0005132436587576861    9    6    9    3
 0.003132953690326414    9    6    9    4
 -0.04388643563121597    9    6    9    5
 0.0193300912675953    9    6    9    6
 -0.006367205732158054    9    7    1    1
 -1.548250509385092e-05    9    7    2    1
 -0.006498652052621377    9    7    2    2
 0.0006289154858593487    9    7    3    1
 -0.001411619633768114    9    7    3    2
 0.002956126834812136    9    7    3    3
 -0.0001366081925074086    9    7    4    1
 1.856293954659452e-05    9    7    4    2
 0.0001448690299623238    9    7    4    3
 0.002855998503546818    9    7    4    4
 -0.001200282915862138    9    7    5    1
 0.0005352473463729019    9    7    5    2
 -0.0005443198027723192    9    7    5    3
 0.001253713600309278    9    7    5    4
 0.001634674911553889    9    7    5    5
 -0.000224184260283621    9    7    6    1
 -7.741218090503783e-05    9    7    6    2
 -0.0006875160680351485    9    7    6    3
 0.0003046395667694779    9    7    6    4
 -0.001446597291369504    9    7    6    5
 -0.006643869520523918    9    7    6    6
 0.0007564487938805791    9    7    7    1
 -0.00202303715891769    9    7    7    2
 0.006785273873497292    9    7    7    3
 0.0001115608771165118    9    7    7    4
 -0.0001093784145791273    9    7    7    5
 -0.0006913346889604114    9    7    7    6
 0.003137807414184093    9    7    7    7
 0.0003096880549009274    9    7    8    1
 -0.0001345597040985931    9    7    8    2
 -9.989664410995795e-05    9    7    8    3
 -0.0003814836727641397    9    7    8    4
 8.058666906357538e-05    9    7    8    5
 -0.0001273926542268673    9    7    8    6
 -0.0001537509969917414    9    7    8    7
 0.003016335157459595    9    7    8    8
 -0.001643041244820103    9    7    9    1
 0.0006242117249335032    9    7    9    2
 6.684448969478204e-05    9    7    9    3
 2.780623002097933e-05    9    7    9    4
 0.006032856113773675    9    7    9    5
 -0.001391110549983051    9    7    9    6
 0.000581050331608887    9    7    9    7
 -0.007467645552242029    9    8    1    1
 -7.249886424701393e-05    9    8    2    1
 -0.002368931444294681    9    8    2    2
 8.593538838960792e-06    9    8    3    1
 3.403006314926238e-05    9    8    3    2
 -0.0009115171729800086    9    8    3    3
 -0.00325346906666073    9    8    4    1
 0.001421709074549238    9    8    4    2
 -0.0006469414073681386    9    8    4    3
 0.01070260749560323    9    8    4    4
 -0.008020928125914973    9    8    5    1
 0.003084084980571972    9    8    5    2
 -0.001312887424148666    9    8    5    3
 0.01520996230168151    9    8    5    4
 0.01972790282748441    9    8    5    5
 -0.0008741012483300244    9    8    6    1
 0.0006356024791635533    9    8    6    2
 -0.0002397971424409013    9    8    6    3
 -0.001192671211058815    9    8    6    4
 -0.004515859429820031    9    8    6    5
 -0.008042828370122648    9    8    6    6
 0.0002332046342930734    9    8    7    1
 -0.0002073027344050837    9    8    7    2
 0.0001022949968826433    9    8    7    3
 0.0003734361520264746    9    8    7    4
 0.0008328176150596597    9    8    7    5
 -1.463192250752275e-05    9    8    7    6
 -0.0009376773305703512    9    8    7    7
 -0.001638313024448264    9    8    8    1
 0.0009164323259172448    9    8    8    2
 -0.0004589702727611483    9    8    8    3
 -0.04437808911862786    9    8    8    4
 0.005313799901188442    9    8    8    5
 -0.00368843711636426    9    8    8    6
 0.0007343574221300622    9    8    8    7
 0.0116685318040984    9    8    8    8
 -0.004923017099860916    9    8    9    1
 0.001933614271911082    9    8    9    2
 -0.0008828087891034138    9    8    9    3
 0.00286027436044829    9    8    9    4
 0.04088432278783538    9    8    9    5
 -0.008461489806303837    9    8    9    6
 0.001369855075603689    9    8    9    7
 0.01799413148905442    9    8    9    8
 0.2081816676776915    9    9    1    1
 -0.01056745206861935    9    9    2    1
 0.09400459016405056    9    9    2    2
 0.005003148392946995    9    9    3    1
 -0.002678702359182578    9    9    3    2
 0.05923434532161657    9    9    3    3
 -0.01716134126677239    9    9    4    1
 0.006442640140562284    9    9    4    2
 -0.002585121638561714    9    9    4    3
 0.209931305750207    9    9    4    4
 0.0115309760206896    9    9    5    1
 0.001393583074576736    9    9    5    2
 -0.00192822099957321    9    9    5    3
 0.01522093241407634    9    9    5    4
 0.5102610221874053    9    9    5    5
 0.04930675342527878    9    9    6    1
 -0.02041817993721894    9    9    6    2
 0.008753058992013594    9    9    6    3
 -0.0008867746199422954    9    9    6    4
 -0.06059977074100565    9    9    6    5
 0.2156525586683317    9    9    6    6
 -0.008639700062051104    9    9    7    1
 0.006337647126555166    9    9    7    2
 -0.005365463876467266    9    9    7    3
 -0.0003789916753530238    9    9    7    4
 0.01084169011176858    9    9    7    5
 -0.005013630602099267    9    9    7    6
 0.05938021011916891    9    9    7    7
 -0.002613270957911473    9    9    8    1
 -0.0001817255019700691    9    9    8    2
 0.0001834715242800475    9    9    8    3
 -0.04591690569619035    9    9    8    4
 0.05988000049529436    9    9    8    5
 -0.01848784691388316    9    9    8    6
 0.002720438461516183    9    9    8    7
 0.216473435644093    9    9    8    8
 -0.05928211742724738    9    9    9    1
 0.0253119201567501    9    9    9    2
 -0.01101341356325117    9    9    9    3
 0.0593604235939651    9    9    9    4
 -0.004948624342805572    9    9    9    5
 0.01832322357017801    9    9    9    6
 0.00174585465674608    9    9    9    7
 0.02163837341154801    9    9    9    8
 0.5366004563099782    9    9    9    9
 0.05988364905137011   10    1    1    1
 0.0006645119788699727   10    1    2    1
 -0.0564068410380457   10    1    2    2
 0.002954281982045244   10    1    3    1
 -0.003884289325771722   10    1    3    2
 -0.02107669168637579   10    1    3    3
 -0.0004414584592724094   10    1    4    1
 0.001468220555218535   10    1    4    2
 1.599611062581543e-05   10    1    4    3
 0.006960777713114766   10    1    4    4
 0.002916207374308179   10    1    5    1
 -0.003361776556328735   10    1    5    2
 -4.671784050189627e-05   10    1    5    3
 -0.0007066627782506888   10    1    5    4
 0.01900720540998926   10    1    5    5
 0.003411116396915607   10    1    6    1
 -0.02228730520316468   10    1    6    2
 0.004125713520445163   10    1    6    3
 -0.002892240145646922   10    1    6    4
 0.00811502771456753   10    1    6    5
 0.06113443348151784   10    1    6    6
 -0.004163263783508605   10    1    7    1
 -0.007728671544514147   10    1    7    2
 0.003870412448759212   10    1    7    3
 -8.73455738672618e-05   10    1    7    4
 0.0003666163971526578   10    1    7    5
 -0.002788643038644969   10    1    7    6
 -0.02209191907429742   10    1    7    7
 -0.00302863126240716   10    1    8    1
 -0.001776287314045114   10    1    8    2
 7.848379600857995e-05   10    1    8    3
 -0.0009940921535152901   10    1    8    4
 0.001860897827793635   10    1    8    5
 -0.0005223030153375867   10    1    8    6
 6.588367748758973e-07   10    1    8    7
 0.007110929783561513   10    1    8    8
 0.009018018401175948   10    1    9    1
 0.004482855381328913   10    1    9    2
 -0.0003155501754962224   10    1    9    3
 0.001901695448134906   10    1    9    4
 -0.003355178982998339   10    1    9    5
 0.003891633451963611   10    1    9    6
 -4.97083210002482e-05   10    1    9    7
 -0.000650408576260052   10    1    9    8
 0.02028414471963695   10    1    9    9
 0.02447595389371905   10    1   10    1
 -0.04347556383264305   10    2    1    1
 -0.04199145446172321   10    2    2    1
 -0.005583416085992279   10    2    2    2
 -0.0003482182657820069   10    2    3    1
 0.03958730091454524   10    2    3    2
 0.05005365068387294   10    2    3    3
 -0.0006156530708750383   10    2    4    1
 -0.005926426683429567   10    2    4    2
 -0.0001748941501869879   10    2    4    3
 -0.005677446853140342   10    2    4    4
 0.001342346870879544   10    2    5    1
 0.01449495193145816   10    2    5    2
 0.0002987048597434712   10    2    5    3
 0.0003240655589260217   10    2    5    4
 -0.012710072633223   10    2    5    5
 0.008147007591496771   10    2    6    1
 0.005010758277054842   10    2    6    2
 0.001866609978070101   10    2    6    3
 0.001389635130652205   10    2    6    4
 -0.003679465686219049   10    2    6    5
 -0.04737298216652066   10    2    6    6
 -0.001835763870416652   10    2    7    1
 -0.001826675713894497   10    2    7    2
 -0.00947796291213799   10    2    7    3
 -0.0003869547028759413   10    2    7    4
 0.0008850489241857651   10    2    7    5
 0.0002969886108409339   10    2    7    6
 0.05369748811618525   10    2    7    7
 0.001267043382278493   10    2    8    1
 0.001940673438198019   10    2    8    2
 0.0003975501794207037   10    2    8    3
 0.000680085791985519   10    2    8    4
 -0.0009560864457509934   10    2    8    5
 -0.000660983439289783   10    2    8    6
 0.0001984449583432908   10    2    8    7
 -0.005744651750499797   10    2    8    8
 -0.00335517898307506   10    2    9    1
 -0.003547133063679304   10    2    9    2
 -0.0009275166601721666   10    2    9    3
 -0.0009523141489960319   10    2    9    4
 0.001572538263403423   10    2    9    5
 0.00107904765862727   10    2    9    6
 -0.0003654558213741437   10    2    9    7
 0.0002515681245703254   10    2    9    8
 -0.01301655815489092   10    2    9    9
 -0.006533953608965483   10    2   10    1
 0.2065904512612954   10    2   10    2
 0.01753204134820699   10    3    1    1
 0.002143793081132391   10    3    2    1
 0.05636628504058924   10    3    2    2
 -0.004194046052883908   10    3    3    1
 0.004703047211993939   10    3    3    2
 -0.05959395600059972   10    3    3    3
 0.00043858638342455   10    3    4    1
 -7.106855384232093e-05   10    3    4    2
 -0.0009234352682230227   10    3    4    3
 0.003004220364633252   10    3    4    4
 -0.0009155361620278957   10    3    5    1
 -0.0001820920301331751   10    3    5    2
 0.001966985518796977   10    3    5    3
 -0.0002329876624995666   10    3    5    4
 0.006214788746317694   10    3    5    5
 -0.003641986230502961   10    3    6    1
 0.007785212463602255   10    3    6    2
 0.005128830481722825   10    3    6    3
 -0.0008043580108155347   10    3    6    4
 0.001935732779261406   10    3    6    5
 0.01845832527529884   10    3    6    6
 -0.004961013133345915   10    3    7    1
 0.02114605173056709   10    3    7    2
 -0.009082888077954933   10    3    7    3
 -0.0009925726329988206   10    3    7    4
 0.002168212004672714   10    3    7    5
 0.003897103577853031   10    3    7    6
 -0.0605606826432056   10    3    7    7
 -0.0007884276192513308   10    3    8    1
 0.001237514620507247   10    3    8    2
 0.001042143742022172   10    3    8    3
 -0.0003840214723800737   10    3    8    4
 0.000564755405548298   10    3    8    5
 0.0004318163966448858   10    3    8    6
 0.0008485370647431981   10    3    8    7
 0.003031933152479006   10    3    8    8
 0.001901695448018929   10    3    9    1
 -0.002960850748299704   10    3    9    2
 -0.002275855679260126   10    3    9    3
 0.0005633815389531016   10    3    9    4
 -0.0009523141489342327   10    3    9    5
 -0.0007946441233538079   10    3    9    6
 -0.001803938574024379   10    3    9    7
 -0.0002003624401170888   10    3    9    8
 0.006327348075384038   10    3    9    9
 -0.007821378611953155   10    3   10    1
 -0.002833340527063245   10    3   10    2
 0.02364801242171196   10    3   10    3
 -0.0008806994132621218   10    4    1    1
 0.000496578197301826   10    4    2    1
 -0.01045535464728188   10    4    2    2
 0.0003029756818791606   10    4    3    1
 -0.0007242998934506081   10    4    3    2
 -0.004640824449099296   10    4    3    3
 0.00042652181765086   10    4    4    1
 -9.201492609786898e-05   10    4    4    2
 0.0001620950280877289   10    4    4    3
 0.01171721430432205   10    4    4    4
 2.416491590300218e-06   10    4    5    1
 -0.000258427602802725   10    4    5    2
 -0.0001253068593375108   10    4    5    3
 -0.0009621773783783459   10    4    5    4
 0.0006362519007185871   10    4    5    5
 -0.0008552713346474148   10    4    6    1
 -0.001869638630727972   10    4    6    2
 0.0001004462108195901   10    4    6    3
 0.0008876800519529259   10    4    6    4
 -0.0003770590976789208   10    4    6    5
 -0.0009077698718207572   10    4    6    6
 -8.197906796066025e-05   10    4    7    1
 -0.001279026794500345   10    4    7    2
 0.0006927860481187317   10    4    7    3
 -0.0001920443894144057   10    4    7    4
 7.04432413284843e-05   10    4    7    5
 -0.0003095248000478256   10    4    7    6
 -0.004833015479085126   10    4    7    7
 0.0008510639886751763   10    4    8    1
 -0.0006661428866544147   10    4    8    2
 0.0001890719034595101   10    4    8    3
 0.002889359000135118   10    4    8    4
 -0.002069024639843718   10    4    8    5
 0.0003857946916152727   10    4    8    6
 -0.0001553426182367539   10    4    8    7
 0.01199195214849846   10    4    8    8
 -0.0003155501758613534   10    4    9    1
 0.0007639282492572611   10    4    9    2
 -7.236702247876721e-05   10    4    9    3
 -0.00227585567866558   10    4    9    4
 -0.0009275166597989246   10    4    9    5
 1.811940360399772e-05   10    4    9    6
 0.0001268123675210068   10    4    9    7
 -0.0007334120053182785   10    4    9    8
 0.0006838701103314119   10    4    9    9
 0.002005186873891519   10    4   10    1
 -0.002079042722632507   10    4   10    2
 -0.001278593327676613   10    4   10    3
 0.0006948919477334974   10    4   10    4
 -0.0007201945743826705   10    5    1    1
 -0.000741405758512283   10    5    2    1
 0.02398626836883177   10    5    2    2
 -0.0008320325555747951   10    5    3    1
 0.001564478064926619   10    5    3    2
 0.009926400972802856   10    5    3    3
 0.0007579741857882397   10    5    4    1
 -0.000568090083334188   10    5    4    2
 -5.447942965359952e-06   10    5    4    3
 -0.00972066352927603   10    5    4    4
 0.0008828483182862043   10    5    5    1
 -8.70072015494529e-06   10    5    5    2
 0.0005848291358755922   10    5    5    3
 -0.001452466821849021   10    5    5    4
 -0.02435108016515938   10    5    5    5
 0.001884773383870372   10    5    6    1
 0.004809046968078653   10    5    6    2
 -0.0003809450884575682   10    5    6    3
 -0.0003513362752452646   10    5    6    4
 0.004907198179555709   10    5    6    5
 -0.0008733000733095961   10    5    6    6
 0.0003383850260835012   10    5    7    1
 0.003037872735263689   10    5    7    2
 -0.001591510801442718   10    5    7    3
 6.455939491812182e-05   10    5    7    4
 -0.0007696435695983675   10    5    7    5
 0.0008528110015845361   10    5    7    6
 0.01035759471162541   10    5    7    7
 -0.0002110676064551127   10    5    8    1
 0.0007403563854858221   10    5    8    2
 -5.6332308676745e-05   10    5    8    3
 0.001450317858376642   10    5    8    4
 -0.003200440332086549   10    5    8    5
 0.0008955850705822315   10    5    8    6
 -7.594861238786261e-06   10    5    8    7
 -0.01022226834183348   10    5    8    8
 0.004482855382027306   10    5    9    1
 -0.003213743589362079   10    5    9    2
 0.0007639282492013003   10    5    9    3
 -0.002960850749379011   10    5    9    4
 -0.003547133061212951   10    5    9    5
 0.0004021092104015734   10    5    9    6
 -0.000561857401659104   10    5    9    7
 -0.001817044044696038   10    5    9    8
 -0.02505808336316106   10    5    9    9
 -0.005146913202674876   10    5   10    1
 0.003865999912689767   10    5   10    2
 0.003049025804761529   10    5   10    3
 -0.000811279891407536   10    5   10    4
 0.003358240615726502   10    5   10    5
 -0.0188801522134448   10    6    1    1
 -0.01648573665499557   10    6    2    1
 -0.01686363704629779   10    6    2    2
 0.002694831180799519   10    6    3    1
 0.008022806969489068   10    6    3    2
 0.01022849865779213   10    6    3    3
 -0.002954058088007428   10    6    4    1
 -0.001225349537001737   10    6    4    2
 3.926401747658377e-05   10    6    4    3
 0.002918518886173831   10    6    4    4
 0.008490432151501043   10    6    5    1
 0.003170168910520605   10    6    5    2
 -0.00016428403855107   10    6    5    3
 5.022859457392575e-05   10    6    5    4
 0.009095906991974923   10    6    5    5
 0.04326477159730087   10    6    6    1
 -0.0001026454563259996   10    6    6    2
 0.0003037966332593831   10    6    6    3
 0.001518539846784865   10    6    6    4
 -0.004279333590690704   10    6    6    5
 -0.02064048425242935   10    6    6    6
 -6.205014835140611e-06   10    6    7    1
 -0.002800438347984805   10    6    7    2
 -0.001197216907101055   10    6    7    3
 5.883499957767761e-05   10    6    7    4
 -2.905566938812366e-05   10    6    7    5
 -0.003036769412805259   10    6    7    6
 0.01088188740444485   10    6    7    7
 0.001423856022447574   10    6    8    1
 0.000374253719848156   10    6    8    2
 -4.541544233116761e-05   10    6    8    3
 -0.0003105416168985698   10    6    8    4
 0.0008089661241335111   10    6    8    5
 -0.003089770144727839   10    6    8    6
 -4.726684232994851e-05   10    6    8    7
 0.00304370603403834   10    6    8    8
 -0.003891633450821445   10    6    9    1
 -0.0004021092106305526   10    6    9    2
 -1.811940364430152e-05   10    6    9    3
 0.0007946441237931041   10    6    9    4
 -0.001079047659501323   10    6    9    5
 0.008974603946447696   10    6    9    6
 0.0001754228001156606   10    6    9    7
 0.0001848675670079778   10    6    9    8
 0.009747627995953563   10    6    9    9
 -0.002333090441755952   10    6   10    1
 0.04388643563029155   10    6   10    2
 -0.003132953690990269   10    6   10    3
 -0.0005132436585716185   10    6   10    4
 0.0007767625382118187   10    6   10    5
 0.01933009126787856   10    6   10    6
 -0.007467645554114607   10    7    1    1
 -0.008020928126317687   10    7    2    1
 0.01972790282631936   10    7    2    2
 -0.00325346906657561   10    7    3    1
 0.01520996230190809   10    7    3    2
 0.01070260749734502   10    7    3    3
 8.59353882688385e-06   10    7    4    1
 -0.001312887424219406   10    7    4    2
 -0.0006469414073416401   10    7    4    3
 -0.000911517172564758   10    7    4    4
 -7.249886431659351e-05   10    7    5    1
 0.003084084980771131   10    7    5    2
 0.001421709074486218   10    7    5    3
 3.403006322736005e-05   10    7    5    4
 -0.002368931444678452   10    7    5    5
 0.0008741012488451504   10    7    6    1
 0.004515859429263538   10    7    6    2
 0.001192671211353801   10    7    6    3
 0.0002397971425729944   10    7    6    4
 -0.0006356024794553783   10    7    6    5
 -0.008042828372421382   10    7    6    6
 -0.001638313024232396   10    7    7    1
 0.005313799900709267   10    7    7    2
 -0.04437808911850443   10    7    7    3
 -0.0004589702727279046   10    7    7    4
 0.0009164323258422045   10    7    7    5
 0.003688437115782066   10    7    7    6
 0.01166853180607928   10    7    7    7
 0.0002332046342529839   10    7    8    1
 0.000832817616716287   10    7    8    2
 0.0003734361536500005   10    7    8    3
 0.0001022949971966619   10    7    8    4
 -0.0002073027344837044   10    7    8    5
 1.463192264420371e-05   10    7    8    6
 0.0007343574225018102   10    7    8    7
 -0.0009376773300550101   10    7    8    8
 -0.0006504085765432202   10    7    9    1
 -0.001817044044847718   10    7    9    2
 -0.0007334120072634438   10    7    9    3
 -0.0002003624402459728   10    7    9    4
 0.0002515681253088586   10    7    9    5
 -0.0001848675670669166   10    7    9    6
 -0.001618667172026385   10    7    9    7
 1.138099683687317e-05   10    7    9    8
 -0.002483974774546009   10    7    9    9
 -0.004923017100035047   10    7   10    1
 0.04088432278941909   10    7   10    2
 0.002860274359773624   10    7   10    3
 -0.0008828087890972061   10    7   10    4
 0.001933614271907371   10    7   10    5
 0.008461489806190318   10    7   10    6
 0.01799413148955195   10    7   10    7
 -0.006367205727063299   10    8    1    1
 -0.001200282915066611   10    8    2    1
 0.0016346749307179   10    8    2    2
 -0.0001366081932105538   10    8    3    1
 0.001253713600592709   10    8    3    2
 0.002855998510660026   10    8    3    3
 0.0006289154858565508   10    8    4    1
 -0.0005443198026669944   10    8    4    2
 0.0001448690297774161   10    8    4    3
 0.002956126814174816   10    8    4    4
 -1.548250507080361e-05   10    8    5    1
 0.0005352473461223728   10    8    5    2
 1.856293990455289e-05   10    8    5    3
 -0.001411619633963891   10    8    5    4
 -0.006498652057546427   10    8    5    5
 0.0002241842577387983   10    8    6    1
 0.001446597294134407   10    8    6    2
 -0.0003046395669161531   10    8    6    3
 0.0006875160664860019   10    8    6    4
 7.741218278246767e-05   10    8    6    5
 -0.006643869515195526   10    8    6    6
 0.0003096880550254949   10    8    7    1
 8.058667139245558e-05   10    8    7    2
 -0.0003814836731955952   10    8    7    3
 -9.989664352136224e-05   10    8    7    4
 -0.0001345597043976913   10    8    7    5
 0.0001273926548741457   10    8    7    6
 0.003016335164817164   10    8    7    7
 0.0007564487922956576   10    8    8    1
 -0.00010937841330679   10    8    8    2
 0.0001115608768468716   10    8    8    3
 0.006785273873287693   10    8    8    4
 -0.002023037156005188   10    8    8    5
 0.0006913346889549642   10    8    8    6
 -0.0001537509966646179   10    8    8    7
 0.003137807392508325   10    8    8    8
 -4.970831911208308e-05   10    8    9    1
 -0.0005618574032056836   10    8    9    2
 0.0001268123677623617   10    8    9    3
 -0.001803938571088974   10    8    9    4
 -0.0003654558239287571   10    8    9    5
 -0.0001754228000768885   10    8    9    6
 -1.228180577314319e-05   10    8    9    7
 -0.001618667172572117   10    8    9    8
 -0.006772012799079117   10    8    9    9
 -0.001643041247649324   10    8   10    1
 0.006032856112867807   10    8   10    2
 2.78062323827697e-05   10    8   10    3
 6.684448838613129e-05   10    8   10    4
 0.0006242117265281515   10    8   10    5
 0.001391110548734974   10    8   10    6
 0.001369855076153387   10    8   10    7
 0.0005810503314005633   10    8   10    8
 0.01897154725473129   10    9    1    1
 0.003014348080189562   10    9    2    1
 -0.0007626836562405979   10    9    2    2
 0.0002345596418109513   10    9    3    1
 -0.002986984476248027   10    9    3    2
 -0.005732479265495747   10    9    3    3
 0.0002345596416143515   10    9    4    1
 0.0005540488575437562   10    9    4    2
 -1.831349809691826e-05   10    9    4    3
 -0.005732479264339134   10    9    4    4
 0.003014348081173247   10    9    5    1
 -0.002571119442534428   10    9    5    2
 0.000554048857578042   10    9    5    3
 -0.002986984476817141   10    9    5    4
 -0.0007626836518788459   10    9    5    5
 1.222676678509366e-12   10    9    6    1
 -0.003420864186472205   10    9    6    2
 0.000824150153897049   10    9    6    3
 -0.0008241501537320249   10    9    6    4
 0.00342086418583901   10    9    6    5
 0.01975768326857001   10    9    6    6
 -0.0008549655151516534   10    9    7    1
 0.0001752177162016749   10    9    7    2
 0.0007699366311877589   10    9    7    3
 -1.230292897010104e-06   10    9    7    4
 -0.0002330845791035252   10    9    7    5
 -0.0002006331840508174   10    9    7    6
 -0.006073090358821619   10    9    7    7
 -0.0008549655147588366   10    9    8    1
 -0.0002330845799297705   10    9    8    2
 -1.230292858025293e-06   10    9    8    3
 0.0007699366326679246   10    9    8    4
 0.0001752177166375244   10    9    8    5
 0.0002006331840459168   10    9    8    6
 1.736351409766156e-05   10    9    8    7
 -0.006073090357715315   10    9    8    8
 0.003958748664945433   10    9    9    1
 -0.0001055020687334637   10    9    9    2
 0.0002796139407470394   10    9    9    3
 0.0003037397204404485   10    9    9    4
 -0.01477453062281142   10    9    9    5
 0.003571721656600825   10    9    9    6
 -0.0005940798098102231   10    9    9    7
 -0.003231280304205297   10    9    9    8
 -0.000812738938306555   10    9    9    9
 0.003958748665809867   10    9   10    1
 -0.0147745306204963   10    9   10    2
 0.0003037397199004305   10    9   10    3
 0.0002796139408294157   10    9   10    4
 -0.0001055020692836607   10    9   10    5
 -0.003571721655138527   10    9   10    6
 -0.003231280303794449   10    9   10    7
 -0.0005940798094843341   10    9   10    8
 0.002784734492502761   10    9   10    9
 0.2081816676780553   10   10    1    1
 0.01153097602027039   10   10    2    1
 0.5102610221868874   10   10    2    2
 -0.01716134126669761   10   10    3    1
 0.01522093241424016   10   10    3    2
 0.2099313057502191   10   10    3    3
 0.005003148392863106   10   10    4    1
 -0.001928220999534303   10   10    4    2
 -0.002585121638584304   10   10    4    3
 0.05923434532130389   10   10    4    4
 -0.01056745206830539   10   10    5    1
 0.001393583074636067   10   10    5    2
 0.006442640140592979   10   10    5    3
 -0.002678702359131011   10   10    5    4
 0.09400459016486817   10   10    5    5
 -0.04930675342328054   10   10    6    1
 0.06059977074048995   10   10    6    2
 0.0008867746196302054   10   10    6    3
 -0.008753058991934522   10   10    6    4
 0.02041817993692157   10   10    6    5
 0.2156525586690315   10   10    6    6
 -0.002613270959507758   10   10    7    1
 0.05988000049740883   10   10    7    2
 -0.0459169056967676   10   10    7    3
 0.0001834715237717501   10   10    7    4
 -0.0001817255010319038   10   10    7    5
 0.01848784691421092   10   10    7    6
 0.2164734356451252   10   10    7    7
 -0.008639700065094997   10   10    8    1
 0.01084169011011737   10   10    8    2
 -0.0003789916711657414   10   10    8    3
 -0.005365463877627404   10   10    8    4
 0.006337647128066335   10   10    8    5
 0.005013630602180041   10   10    8    6
 0.002720438457516647   10   10    8    7
 0.05938021011889447   10   10    8    8
 0.02028414471948783   10   10    9    1
 -0.02505808335955434   10   10    9    2
 0.0006838701075943687   10   10    9    3
 0.006327348075606586   10   10    9    4
 -0.01301655815526844   10   10    9    5
 -0.009747627992635182   10   10    9    6
 -0.006772012793889902   10   10    9    7
 -0.00248397477407845   10   10    9    8
 0.09482519344894   10   10    9    9
 -0.05928211742721465   10   10   10    1
 -0.004948624341707156   10   10   10    2
 0.05936042359378298   10   10   10    3
 -0.01101341356311296   10   10   10    4
 0.02531192015661404   10   10   10    5
 -0.01832322357508508   10   10   10    6
 0.02163837341050108   10   10   10    7
 0.001745854676977632   10   10   10    8
 -0.0008127389429284369   10   10   10    9
 0.5366004563088538   10   10   10   10
 -1.982086854817224    1    1  0  0
 -0.04287599899822568    2    1  0  0
 -1.922118502889242    2    2  0  0
 0.02243354678272298    3    1  0  0
 -0.05629553934194233    3    2  0  0
 -1.643776143892272    3    3  0  0
 0.0224335467825907    4    1  0  0
 -0.01295319037397722    4    2  0  0
 0.008957682599620209    4    3  0  0
 -1.643776143892258    4    4  0  0
 -0.04287599899820924    5    1  0  0
 0.01767681460866    5    2  0  0
 -0.01295319037395969    5    3  0  0
 -0.05629553934196636    5    4  0  0
 -1.922118502889225    5    5  0  0
 -1.830285252828975e-13    6    1  0  0
 0.02242601424717499    6    2  0  0
 -0.02596113605388476    6    3  0  0
 0.02596113605318941    6    4  0  0
 -0.02242601424710925    6    5  0  0
 -1.746708940809849    6    6  0  0
 0.01771749884289059    7    1  0  0
 -0.04111313315448366    7    2  0  0
 0.136780357859356    7    3  0  0
 -0.001067271420389573    7    4  0  0
 -0.006101073145155951    7    5  0  0
 -0.006188080086256605    7    6  0  0
 -1.416337416524387    7    7  0  0
 0.01771749884215027    8    1  0  0
 -0.006101073142005848    8    2  0  0
 -0.001067271428073396    8    3  0  0
 0.1367803578598975    8    4  0  0
 -0.04111313315458371    8    5  0  0
 0.006188080080303185    8    6  0  0
 -0.005385106752141899    8    7  0  0
 -1.416337416523086    8    8  0  0
 -0.001728681632462451    9    1  0  0
 -0.004176574162226737    9    2  0  0
 0.01022025141467392    9    3  0  0
 -0.0633522070159634    9    4  0  0
 0.03446912490100128    9    5  0  0
 0.04738960052481671    9    6  0  0
 0.005798049575600005    9    7  0  0
 0.03823464836025637    9    8  0  0
 -1.687389435901091    9    9  0  0
 -0.001728681633233885   10    1  0  0
 0.03446912490140362   10    2  0  0
 -0.06335220701566863   10    3  0  0
 0.01022025140825704   10    4  0  0
 -0.004176574160358379   10    5  0  0
 -0.04738960052590381   10    6  0  0
 0.03823464836125129   10    7  0  0
 0.005798049562304543   10    8  0  0
 -0.001847120291751045   10    9  0  0
 -1.687389435902785   10   10  0  0
 6.37978775367589  0  0  0  0
