0000011111
0000101111
0000110111
0000111011
0000111101
0000111110
0001001111
0001010111
0001011011
0001011101
0001011110
0001100111
0001101110
0001110011
0001110101
0001110110
0001111010
0001111100
0010001111
0010010111
0010011011
0010011101
0010011110
0010101110
0010110110
0010111010
0010111100
0011000111
0011010011
0011010101
0011010110
0011100110
0011110010
0011110100
0100001111
0100010111
0100011011
0100011101
0100011110
0100101101
0100101110
0100110101
0100110110
0100111001
0100111010
0100111100
0101000111
0101001101
0101010011
0101010101
0101010110
0101011001
0101011100
0101100101
0101100110
0101110001
0101110010
0101110100
0110001101
0110010101
0110011001
0110011100
0111000101
0111010001
0111010100
1000001111
1000010111
1000011011
1000011101
1000011110
1000101110
1000110110
1000111010
1000111100
1001000111
1001010011
1001010101
1001010110
1001100110
1001110010
1001110100
1100001101
1100010101
1100011001
1100011100
1101000101
1101010001
1101010100
