0000011111
0000101111
0000110111
0000111011
0000111101
0000111110
0001001111
0001010111
0001011011
0001011101
0001011110
0001100111
0001101110
0001110011
0001110101
0001110110
0001111010
0001111100
0010001111
0010010111
0010011011
0010011101
0010011110
0010101011
0010101110
0010110011
0010110110
0010111001
0010111010
0010111100
0011000111
0011001011
0011010011
0011010101
0011010110
0011011001
0011011010
0100001111
0100010111
0100011011
0100011101
0100011110
0100101110
0100110110
0100111010
0100111100
0101000111
0101010011
0101010101
0101010110
0110001011
0110010011
0110011001
0110011010
1000001111
1000010111
1000011011
1000011101
1000011110
1000100111
1000101011
1000101101
1000101110
1000110110
1000111010
1000111100
1001000111
1001001011
1001001101
1001001110
1001010011
1001010101
1001010110
1010000111
1010001011
1010001101
1010001110
1010010011
1010011001
1010011010
1100000111
1100001011
1100001101
1100001110
