 &FCI NORB=  10,NELEC=10,MS2=0,
  ORBSYM=1,1,1,1,1,1,1,1,1,1,
  ISYM=1,
 &END
 0.4930713145456126    1    1    1    1
 0.01317257415307194    2    1    1    1
 0.0171605271230783    2    1    2    1
 0.2006737553547248    2    2    1    1
 0.01088213860336268    2    2    2    1
 0.4965906562563397    2    2    2    2
 0.0002401623681755094    3    1    1    1
 -0.002705458272320278    3    1    2    1
 -0.01616564197476252    3    1    2    2
 0.002397246707534356    3    1    3    1
 -0.008130973285975661    3    2    1    1
 -0.007983985489104681    3    2    2    1
 0.01413497576519956    3    2    2    2
 -0.003343245505180312    3    2    3    1
 0.01602330815075809    3    2    3    2
 0.09315015967232942    3    3    1    1
 -0.01074338860646707    3    3    2    1
 0.2017810608585172    3    3    2    2
 0.004084282118526536    3    3    3    1
 0.004084694637635001    3    3    3    2
 0.5181630978945204    3    3    3    3
 0.000240162368319352    4    1    1    1
 0.002860886261828364    4    1    2    1
 0.004617162564700097    4    1    2    2
 -0.0009500839221285722    4    1    3    1
 -3.471626215503059e-05    4    1    3    2
 0.001563216904370237    4    1    3    3
 0.002397246707530977    4    1    4    1
 0.006009553138300789    4    2    1    1
 0.001262485251203148    4    2    2    1
 -0.001867919628440904    4    2    2    2
 0.0001254481617731258    4    2    3    1
 -0.001251672111750221    4    2    3    2
 -0.002801564187007099    4    2    3    3
 -0.000659793628335011    4    2    4    1
 0.0005587674173109509    4    2    4    2
 -0.00232310337663054    4    3    1    1
 -9.616522871336461e-06    4    3    2    1
 -0.002448628727881212    4    3    2    2
 0.0002932858921404495    4    3    3    1
 -0.0006854256336743371    4    3    3    2
 0.001953395440266964    4    3    3    3
 0.0002932858921376668    4    3    4    1
 -0.0001493505491333844    4    3    4    2
 0.0001395357979399566    4    3    4    3
 0.09315015967232537    4    4    1    1
 -0.003083229263577876    4    4    2    1
 0.05903981286000819    4    4    2    2
 0.001563216904350169    4    4    3    1
 -0.0009716895963448845    4    4    3    2
 0.04321461561870289    4    4    3    3
 0.004084282118369808    4    4    4    1
 -0.003311572683448358    4    4    4    2
 0.001953395440259993    4    4    4    3
 0.5181630978945254    4    4    4    4
 0.0131725741530486    5    1    1    1
 -0.008449443331908139    5    1    2    1
 -0.009650421014176512    5    1    2    2
 0.002860886261822126    5    1    3    1
 2.257427640026353e-05    5    1    3    2
 -0.003083229263588324    5    1    3    3
 -0.002705458272313581    5    1    4    1
 8.100948436658679e-05    5    1    4    2
 -9.616522868616926e-06    5    1    4    3
 -0.01074338860645607    5    1    4    4
 0.01716052712308376    5    1    5    1
 -0.01731202731830681    5    2    1    1
 -0.003198116307262315    5    2    2    1
 0.001363568569989415    5    2    2    2
 -0.0001927448733261997    5    2    3    1
 0.002981084748974084    5    2    3    2
 0.00561679890345553    5    2    3    3
 -0.0001927448733325875    5    2    4    1
 -0.0005641110990421114    5    2    4    2
 1.694129408567878e-05    5    2    4    3
 0.005616798903436334    5    2    4    4
 -0.003198116307259784    5    2    5    1
 0.002622388380440541    5    2    5    2
 0.006009553138290589    5    3    1    1
 8.10094843694674e-05    5    3    2    1
 0.006097191468790213    5    3    2    2
 -0.0006597936283405518    5    3    3    1
 0.001489618834105421    5    3    3    2
 -0.003311572683427583    5    3    3    3
 0.0001254481617781328    5    3    4    1
 -1.035586796433531e-05    5    3    4    2
 -0.0001493505491335042    5    3    4    3
 -0.002801564187009968    5    3    4    4
 0.001262485251195342    5    3    5    1
 -0.0005641110990391092    5    3    5    2
 0.0005587674173105026    5    3    5    3
 -0.008130973285969605    5    4    1    1
 2.257427639678818e-05    5    4    2    1
 -0.002551761348710053    5    4    2    2
 -3.471626215064601e-05    5    4    3    1
 5.552080644469995e-05    5    4    3    2
 -0.0009716895963460509    5    4    3    3
 -0.003343245505184635    5    4    4    1
 0.001489618834102927    5    4    4    2
 -0.0006854256336739578    5    4    4    3
 0.00408469463762484    5    4    4    4
 -0.007983985489101161    5    4    5    1
 0.002981084748968894    5    4    5    2
 -0.001251672111747614    5    4    5    3
 0.01602330815075381    5    4    5    4
 0.2006737553547395    5    5    1    1
 -0.009650421014161768    5    5    2    1
 0.09318585172799893    5    5    2    2
 0.004617162564646742    5    5    3    1
 -0.002551761348705022    5    5    3    2
 0.05903981286000731    5    5    3    3
 -0.01616564197476201    5    5    4    1
 0.006097191468777404    5    5    4    2
 -0.002448628727875977    5    5    4    3
 0.2017810608585103    5    5    4    4
 0.01088213860339597    5    5    5    1
 0.001363568569943556    5    5    5    2
 -0.001867919628464576    5    5    5    3
 0.01413497576521264    5    5    5    4
 0.4965906562563356    5    5    5    5
 -6.97399045914422e-13    6    1    1    1
 0.04165869132286589    6    1    2    1
 0.04553819333336488    6    1    2    2
 -0.01309699857551776    6    1    3    1
 -0.001222465981980466    6    1    3    2
 0.01352987197360557    6    1    3    3
 0.01309699857547856    6    1    4    1
 0.000144467647249825    6    1    4    2
 -8.579790395621069e-15    6    1    4    3
 -0.0135298719736001    6    1    4    4
 -0.04165869132291693    6    1    5    1
 4.261379150903213e-14    6    1    5    2
 -0.0001444676472410955    6    1    5    3
 0.001222465982045775    6    1    5    4
 -0.0455381933326696    6    1    5    5
 0.2042415963010688    6    1    6    1
 0.05731284698571625    6    2    1    1
 0.001610651310052946    6    2    2    1
 -0.05933746991415888    6    2    2    2
 0.002712004037666521    6    2    3    1
 -0.003583192906928952    6    2    3    2
 -0.02064865242992492    6    2    3    3
 -0.0005386529650100059    6    2    4    1
 0.001570135735864764    6    2    4    2
 -1.284254142538639e-05    6    2    4    3
 0.006960509259377033    6    2    4    4
 0.003236028593376075    6    2    5    1
 -0.003642208635613146    6    2    5    2
 3.648285808620162e-05    6    2    5    3
 -0.0007863288730325174    6    2    5    4
 0.01941989242300516    6    2    5    5
 -0.004624709169877619    6    2    6    1
 0.02459996625277978    6    2    6    2
 -0.02194563965465596    6    3    1    1
 0.0002893917902994503    6    3    2    1
 -0.00093644217228931    6    3    2    2
 0.0005438915827545023    6    3    3    1
 -0.001697755026109474    6    3    3    2
 0.02449905656328446    6    3    3    3
 0.000196449782232732    6    3    4    1
 -0.000309797795326264    6    3    4    2
 0.0003397186272704335    6    3    4    3
 -0.003277244916536351    6    3    4    4
 -0.001187317476175527    6    3    5    1
 0.0008091483708039933    6    3    5    2
 -0.0007225619768234776    6    3    5    3
 0.0002991427742536302    6    3    5    4
 -0.008365792724292076    6    3    5    5
 0.0028104088206754    6    3    6    1
 -0.004449011469200635    6    3    6    2
 0.003076518286022267    6    3    6    3
 0.02194563965453846    6    4    1    1
 0.001187317476195552    6    4    2    1
 0.008365792724427201    6    4    2    2
 -0.0001964497822558966    6    4    3    1
 -0.0002991427742368391    6    4    3    2
 0.003277244916538598    6    4    3    3
 -0.0005438915828341024    6    4    4    1
 0.0007225619768685959    6    4    4    2
 -0.0003397186272916963    6    4    4    3
 -0.02449905656241447    6    4    4    4
 -0.0002893917903669561    6    4    5    1
 -0.0008091483707890742    6    4    5    2
 0.000309797795326685    6    4    5    3
 0.0016977550265124    6    4    5    4
 0.0009364421718805591    6    4    5    5
 0.002810408820714848    6    4    6    1
 0.002896788361301915    6    4    6    2
 -0.001057985208189039    6    4    6    3
 0.003076518286002425    6    4    6    4
 -0.05731284698524455    6    5    1    1
 -0.00323602859338686    6    5    2    1
 -0.01941989242325751    6    5    2    2
 0.0005386529650529931    6    5    3    1
 0.000786328872998096    6    5    3    2
 -0.006960509259351374    6    5    3    3
 -0.002712004037658222    6    5    4    1
 -3.648285810711503e-05    6    5    4    2
 1.284254144005229e-05    6    5    4    3
 0.02064865242988302    6    5    4    4
 -0.001610651309425479    6    5    5    1
 0.003642208635382825    6    5    5    2
 -0.001570135735786123    6    5    5    3
 0.00358319290630727    6    5    5    4
 0.05933746991385666    6    5    5    5
 -0.004624709169584109    6    5    6    1
 -0.00819925555774373    6    5    6    2
 0.002896788361339363    6    5    6    3
 -0.004449011469368961    6    5    6    4
 0.02459996625254311    6    5    6    5
 0.5068093501914482    6    6    1    1
 0.01407165410150065    6    6    2    1
 0.208531508494959    6    6    2    2
 0.0001825835232277378    6    6    3    1
 -0.008961490429677709    6    6    3    2
 0.09401130358707954    6    6    3    3
 0.0001825835232829832    6    6    4    1
 0.006346245206397817    6    6    4    2
 -0.002436594519433468    6    6    4    3
 0.09401130358689748    6    6    4    4
 0.01407165410209858    6    6    5    1
 -0.01837841005276702    6    6    5    2
 0.006346245206436571    6    6    5    3
 -0.008961490429979574    6    6    5    4
 0.2085315084952374    6    6    5    5
 -1.697725341784438e-12    6    6    6    1
 0.0602614540306876    6    6    6    2
 -0.02314858828363945    6    6    6    3
 0.02314858828345259    6    6    6    4
 -0.06026145403012624    6    6    6    5
 0.5331236334006229    6    6    6    6
 -0.02215044580875486    7    1    1    1
 -0.001085043669538571    7    1    2    1
 -0.008185531827618518    7    1    2    2
 0.0001709612148009305    7    1    3    1
 0.0002696533966113967    7    1    3    2
 -0.00326646213215805    7    1    3    3
 0.0005183970204290238    7    1    4    1
 -0.0007015530790754665    7    1    4    2
 0.0003320375053101349    7    1    4    3
 0.02387765817655028    7    1    4    4
 0.0004411170993651458    7    1    5    1
 0.0007249207234930594    7    1    5    2
 -0.0002773964139863214    7    1    5    3
 -0.001544398989355098    7    1    5    4
 -0.002389789242899978    7    1    5    5
 -0.002604962667489845    7    1    6    1
 -0.002799288204373407    7    1    6    2
 0.001031327142422347    7    1    6    3
 -0.00293213720014804    7    1    6    4
 0.003800660586517732    7    1    6    5
 -0.02278952765268875    7    1    6    6
 0.003063048151095931    7    1    7    1
 0.001268152596132959    7    2    1    1
 -0.0005699954038623896    7    2    2    1
 0.01054931981380281    7    2    2    2
 -0.0002679102920314603    7    2    3    1
 0.0006773634186156457    7    2    3    2
 0.004536217950840238    7    2    3    3
 -0.0004171820203503981    7    2    4    1
 8.636222511094736e-05    7    2    4    2
 -0.0001575279642768637    7    2    4    3
 -0.01148817314751736    7    2    4    4
 1.909729468306132e-06    7    2    5    1
 0.0002653660554841799    7    2    5    2
 0.0001170767582423356    7    2    5    3
 0.0008765216006904386    7    2    5    4
 -0.0001873811246997927    7    2    5    5
 -0.0008859107900201299    7    2    6    1
 -0.001939857679009249    7    2    6    2
 9.912359590318933e-05    7    2    6    3
 0.0008690833322594127    7    2    6    4
 -0.0003063529632395103    7    2    6    5
 0.001357051664876042    7    2    6    6
 -0.000919202131239393    7    2    7    1
 0.0006934674399199354    7    2    7    2
 -5.403579743570419e-05    7    3    1    1
 4.956912580288657e-05    7    3    2    1
 -0.0003685236566959338    7    3    2    2
 -0.000228930453243716    7    3    3    1
 0.0004755684937199873    7    3    3    2
 -0.005439253388052146    7    3    3    3
 0.0002229134705925882    7    3    4    1
 -0.0001057495311907536    7    3    4    2
 -8.480279696529339e-07    7    3    4    3
 0.005353826888913893    7    3    4    4
 -4.297852153528269e-05    7    3    5    1
 -1.627783115177695e-06    7    3    5    2
 0.0001085392782055625    7    3    5    3
 -0.0004391175577063819    7    3    5    4
 0.0001873986110770114    7    3    5    5
 0.0004118469025214227    7    3    6    1
 0.0001005927663257929    7    3    6    2
 -0.0003845304930062429    7    3    6    3
 -0.0003743070102566772    7    3    6    4
 6.144489993856548e-05    7    3    6    5
 -5.917939153579285e-05    7    3    6    6
 0.0003973860167544568    7    3    7    1
 -0.0002000185728297111    7    3    7    2
 0.0001684582952468989    7    3    7    3
 -0.01193052467300469    7    4    1    1
 0.0003725873003012912    7    4    2    1
 -0.005300559550846659    7    4    2    2
 -0.0001868979608058057    7    4    3    1
 0.0001193033845122589    7    4    3    2
 -0.002903890236500932    7    4    3    3
 0.01463460674582513    7    4    4    1
 -0.00661711503660161    7    4    4    2
 0.003006598146867229    7    4    4    3
 -0.00852758136541551    7    4    4    4
 0.001411404208202307    7    4    5    1
 -0.0007042216969963407    7    4    5    2
 0.00034624326810501    7    4    5    3
 -0.04207794969879305    7    4    5    4
 -0.04187353788246941    7    4    5    5
 0.00172654973421022    7    4    6    1
 -0.0009868806801493963    7    4    6    2
 0.00042210941239762    7    4    6    3
 -0.005178667897911253    7    4    6    4
 -0.003531425587774115    7    4    6    5
 -0.01221382729284813    7    4    6    6
 0.005613255255507315    7    4    7    1
 -0.003090957555831849    7    4    7    2
 0.001589960473258096    7    4    7    3
 0.2198629869590996    7    4    7    4
 0.01711777621584854    7    5    1    1
 -0.0008343988016112444    7    5    2    1
 0.00619487503733484    7    5    2    2
 0.0004090525551310421    7    5    3    1
 -0.0002285461378557929    7    5    3    2
 0.002995618274537876    7    5    3    3
 -0.003857283961702873    7    5    4    1
 0.00182664228707699    7    5    4    2
 -0.0008580657093150067    7    5    4    3
 -0.05574501589948645    7    5    4    4
 0.001803121642670333    7    5    5    1
 -6.753029049817644e-05    7    5    5    2
 -0.0001241156300139464    7    5    5    3
 0.003631840577315903    7    5    5    4
 0.05872369771936619    7    5    5    5
 -0.003337916234877061    7    5    6    1
 0.001897978900383712    7    5    6    2
 -0.000792904655906741    7    5    6    3
 0.004647887715422835    7    5    6    4
 0.008645134668593095    7    5    6    5
 0.01829705037887018    7    5    6    6
 -0.005288415820346884    7    5    7    1
 0.002312569153662779    7    5    7    2
 -0.001059714495696177    7    5    7    3
 -0.01095619053770596    7    5    7    4
 0.02319839932607311    7    5    7    5
 0.0002356458141329026    7    6    1    1
 -0.002855251357413311    7    6    2    1
 -0.004701369191685526    7    6    2    2
 0.0009555533342592225    7    6    3    1
 4.426975015250093e-05    7    6    3    2
 -0.001548154960246854    7    6    3    3
 -0.002338663338516392    7    6    4    1
 0.0006431218183178722    7    6    4    2
 -0.0002846604266199246    7    6    4    3
 -0.003263357487227981    7    6    4    4
 0.002521825315273736    7    6    5    1
 0.0002407342425719927    7    6    5    2
 -0.0001495760535143479    7    6    5    3
 0.003140942176927127    7    6    5    4
 0.01777956622017407    7    6    5    5
 -0.01326841729047696    7    6    6    1
 0.0006598209204843527    7    6    6    2
 -0.0002261802712463758    7    6    6    3
 0.0004250675012362964    7    6    6    4
 0.003273840555327926    7    6    6    5
 0.0002994049812206221    7    6    6    6
 -0.0006248905984690646    7    6    7    1
 0.0004435992597061349    7    6    7    2
 -0.0002369483188739175    7    6    7    3
 -0.01500771756533086    7    6    7    4
 0.004442557248620708    7    6    7    5
 0.002534931829073605    7    6    7    6
 0.09383925973743616    7    7    1    1
 -0.003219869493070669    7    7    2    1
 0.05918933925037364    7    7    2    2
 0.001625350448722914    7    7    3    1
 -0.00100020306501201    7    7    3    2
 0.04325428346715011    7    7    3    3
 0.004164877944288022    7    7    4    1
 -0.003394131667206814    7    7    4    2
 0.002003031502720424    7    7    4    3
 0.5301849315103941    7    7    4    4
 -0.01165533652232626    7    7    5    1
 0.006037259240705374    7    7    5    2
 -0.002997669738148478    7    7    5    3
 0.004517437083393276    7    7    5    4
 0.2087153300220871    7    7    5    5
 -0.01383546832103838    7    7    6    1
 0.00708339554112536    7    7    6    2
 -0.003333549297665961    7    7    6    3
 -0.0250950289370678    7    7    6    4
 0.02192441016273208    7    7    6    5
 0.09470390602486682    7    7    6    6
 0.02512063993675377    7    7    7    1
 -0.01206981047225625    7    7    7    2
 0.005620868463075484    7    7    7    3
 -0.007559791723313917    7    7    7    4
 -0.0583820078827036    7    7    7    5
 -0.003459321401645297    7    7    7    6
 0.5555822265273045    7    7    7    7
 -0.02215044580513555    8    1    1    1
 0.0004411170999895418    8    1    2    1
 -0.002389789241518314    8    1    2    2
 0.0005183970202938818    8    1    3    1
 -0.001544398989439576    8    1    3    2
 0.02387765817703975    8    1    3    3
 0.0001709612150498786    8    1    4    1
 -0.0002773964139572002    8    1    4    2
 0.0003320375053013137    8    1    4    3
 -0.003266462134019968    8    1    4    4
 -0.001085043669970248    8    1    5    1
 0.0007249207233071991    8    1    5    2
 -0.0007015530790041292    8    1    5    3
 0.0002696533965019947    8    1    5    4
 -0.008185531830465415    8    1    5    5
 0.002604962670031448    8    1    6    1
 -0.003800660585938999    8    1    6    2
 0.002932137200005976    8    1    6    3
 -0.001031327142094124    8    1    6    4
 0.002799288203171357    8    1    6    5
 -0.02278952764904021    8    1    6    6
 0.001060877323846452    8    1    7    1
 4.330720066217484e-05    8    1    7    2
 -0.0003698337746191485    8    1    7    3
 0.0004228002266920872    8    1    7    4
 -0.0007728055114314877    8    1    7    5
 -0.0002002840651564187    8    1    7    6
 -0.003329144133048674    8    1    7    7
 0.003063048150787274    8    1    8    1
 0.01711777621623327    8    2    1    1
 0.001803121642582647    8    2    2    1
 0.05872369771725627    8    2    2    2
 -0.00385728396165884    8    2    3    1
 0.003631840577335657    8    2    3    2
 -0.05574501590010089    8    2    3    3
 0.0004090525551051107    8    2    4    1
 -0.0001241156299930628    8    2    4    2
 -0.0008580657093127958    8    2    4    3
 0.002995618275420425    8    2    4    4
 -0.00083439880160433    8    2    5    1
 -6.753029048651796e-05    8    2    5    2
 0.001826642287048027    8    2    5    3
 -0.0002285461378240542    8    2    5    4
 0.006194875038566762    8    2    5    5
 0.003337916235063139    8    2    6    1
 -0.008645134668252757    8    2    6    2
 -0.004647887715675333    8    2    6    3
 0.0007929046559144778    8    2    6    4
 -0.001897978900301545    8    2    6    5
 0.01829705037926571    8    2    6    6
 -0.0007728055112178826    8    2    7    1
 0.001337918259701113    8    2    7    2
 0.0009492247016856304    8    2    7    3
 -0.0003840904735851849    8    2    7    4
 0.0005638531082246501    8    2    7    5
 -0.0004389275805342777    8    2    7    6
 0.003027924978292496    8    2    7    7
 -0.005288415820296849    8    2    8    1
 0.02319839932549263    8    2    8    2
 -0.01193052467319839    8    3    1    1
 0.001411404208200517    8    3    2    1
 -0.04187353788222561    8    3    2    2
 0.01463460674584745    8    3    3    1
 -0.04207794969884938    8    3    3    2
 -0.00852758136468643    8    3    3    3
 -0.0001868979607982116    8    3    4    1
 0.0003462432680978309    8    3    4    2
 0.003006598146878213    8    3    4    3
 -0.002903890236911086    8    3    4    4
 0.0003725873003080023    8    3    5    1
 -0.0007042216970062915    8    3    5    2
 -0.006617115036617493    8    3    5    3
 0.0001193033844975241    8    3    5    4
 -0.005300559551382766    8    3    5    5
 -0.001726549734326405    8    3    6    1
 0.003531425587925267    8    3    6    2
 0.005178667895664167    8    3    6    3
 -0.0004221094124149188    8    3    6    4
 0.0009868806801409731    8    3    6    5
 -0.01221382729342467    8    3    6    6
 0.0004228002266855846    8    3    7    1
 -0.0006290051936478047    8    3    7    2
 -0.001494708447039485    8    3    7    3
 0.0003235975301570362    8    3    7    4
 -0.0003840904736383241    8    3    7    5
 0.0001798640458632656    8    3    7    6
 -0.002920522092725684    8    3    7    7
 0.005613255255590816    8    3    8    1
 -0.01095619053770749    8    3    8    2
 0.2198629869594984    8    3    8    3
 -5.403579602504076e-05    8    4    1    1
 -4.297852157342417e-05    8    4    2    1
 0.0001873986115849181    8    4    2    2
 0.0002229134706196137    8    4    3    1
 -0.000439117557727614    8    4    3    2
 0.005353826889169824    8    4    3    3
 -0.0002289304539264803    8    4    4    1
 0.0001085392785240338    8    4    4    2
 -8.480281149414935e-07    8    4    4    3
 -0.005439253390628701    8    4    4    4
 4.956912584617106e-05    8    4    5    1
 -1.627783109013344e-06    8    4    5    2
 -0.0001057495312028137    8    4    5    3
 0.0004755684953663878    8    4    5    4
 -0.0003685236527748105    8    4    5    5
 -0.0004118469027058992    8    4    6    1
 -6.144489976598315e-05    8    4    6    2
 0.0003743070101922327    8    4    6    3
 0.000384530493440249    8    4    6    4
 -0.000100592765923482    8    4    6    5
 -5.917939006868973e-05    8    4    6    6
 -0.0003698337750442043    8    4    7    1
 0.0001849425698979379    8    4    7    2
 -0.0001617419383918361    8    4    7    3
 -0.001494708454908145    8    4    7    4
 0.0009492247030231896    8    4    7    5
 0.0002110988089070929    8    4    7    6
 -0.005565019974797285    8    4    7    7
 0.0003973860167063543    8    4    8    1
 -0.00105971449566622    8    4    8    2
 0.001589960473246634    8    4    8    3
 0.0001684582954475224    8    4    8    4
 0.001268152592999899    8    5    1    1
 1.909729518323939e-06    8    5    2    1
 -0.0001873811255894713    8    5    2    2
 -0.0004171820203934866    8    5    3    1
 0.0008765216007258339    8    5    3    2
 -0.01148817314792006    8    5    3    3
 -0.0002679102919446548    8    5    4    1
 0.0001170767581909676    8    5    4    2
 -0.0001575279642557517    8    5    4    3
 0.004536217955132481    8    5    4    4
 -0.0005699954057953854    8    5    5    1
 0.0002653660561666685    8    5    5    2
 8.636222483722602e-05    8    5    5    3
 0.0006773634202790978    8    5    5    4
 0.01054931981213375    8    5    5    5
 0.0008859107904663363    8    5    6    1
 0.0003063529628540929    8    5    6    2
 -0.0008690833321295508    8    5    6    3
 -9.912359603540444e-05    8    5    6    4
 0.001939857679150495    8    5    6    5
 0.001357051661488492    8    5    6    6
 4.330720077028877e-05    8    5    7    1
 -5.392969751711032e-05    8    5    7    2
 0.0001849425697096003    8    5    7    3
 -0.0006290051937460272    8    5    7    4
 0.00133791825899066    8    5    7    5
 0.0003249283502408719    8    5    7    6
 0.004758696621419303    8    5    7    7
 -0.0009192021311962388    8    5    8    1
 0.002312569153636299    8    5    8    2
 -0.003090957555813752    8    5    8    3
 -0.0002000185727702588    8    5    8    4
 0.0006934674400388139    8    5    8    5
 -0.0002356458101676537    8    6    1    1
 -0.002521825314333139    8    6    2    1
 -0.01777956621977956    8    6    2    2
 0.002338663338343392    8    6    3    1
 -0.003140942177318637    8    6    3    2
 0.003263357482376069    8    6    3    3
 -0.0009555533340611717    8    6    4    1
 0.0001495760536089438    8    6    4    2
 0.0002846604265923854    8    6    4    3
 0.001548154961348135    8    6    4    4
 0.002855251356776366    8    6    5    1
 -0.0002407342427774181    8    6    5    2
 -0.0006431218182757505    8    6    5    3
 -4.426975001676327e-05    8    6    5    4
 0.004701369191930496    8    6    5    5
 -0.01326841728813548    8    6    6    1
 0.003273840556130312    8    6    6    2
 0.0004250675006864842    8    6    6    3
 -0.0002261802710351446    8    6    6    4
 0.0006598209197603147    8    6    6    5
 -0.0002994049769341539    8    6    6    6
 0.000200284064706632    8    6    7    1
 -0.0003249283504128548    8    6    7    2
 -0.0002110988081565275    8    6    7    3
 -0.0001798640454816506    8    6    7    4
 0.0004389275804492385    8    6    7    5
 0.001000023407332116    8    6    7    6
 0.001606452990413336    8    6    7    7
 0.0006248905978686205    8    6    8    1
 -0.004442557247688488    8    6    8    2
 0.0150077175658783    8    6    8    3
 0.0002369483188313489    8    6    8    4
 -0.0004435992596065654    8    6    8    5
 0.002534931828723658    8    6    8    6
 0.002374910153801437    8    7    1    1
 -1.090427944302845e-05    8    7    2    1
 0.002614471536808655    8    7    2    2
 -0.0002818699292996838    8    7    3    1
 0.0006480902502517703    8    7    3    2
 -0.001795588979950885    8    7    3    3
 -0.0002818699295617756    8    7    4    1
 0.00014174643403074    8    7    4    2
 -0.0001353187526675232    8    7    4    3
 -0.00179558899592166    8    7    4    4
 -1.090427944604829e-05    8    7    5    1
 -3.390503277924754e-06    8    7    5    2
 0.0001417464338896137    8    7    5    3
 0.0006480902507611181    8    7    5    4
 0.002614471532947406    8    7    5    5
 3.632089361119588e-13    8    7    6    1
 -4.532325033362641e-05    8    7    6    2
 -0.0003199377842863883    8    7    6    3
 0.0003199377853354079    8    7    6    4
 4.532324954686996e-05    8    7    6    5
 0.002475046580873754    8    7    6    6
 -0.0003494545677322158    8    7    7    1
 0.0001694239803118822    8    7    7    2
 -5.231474026360809e-06    8    7    7    3
 -0.003076193973921536    8    7    7    4
 0.0009448032667200186    8    7    7    5
 0.0003080100456236975    8    7    7    6
 -0.001902578587213798    8    7    7    7
 -0.000349454566673745    8    7    8    1
 0.0009448032643472046    8    7    8    2
 -0.003076193971976061    8    7    8    3
 -5.231473462713394e-06    8    7    8    4
 0.0001694239797150495    8    7    8    5
 -0.0003080100453356657    8    7    8    6
 0.0001435092046188346    8    7    8    7
 0.09383925973665469    8    8    1    1
 -0.01165533652245701    8    8    2    1
 0.2087153300210871    8    8    2    2
 0.004164877944552411    8    8    3    1
 0.004517437083278469    8    8    3    2
 0.5301849315109277    8    8    3    3
 0.001625350448728506    8    8    4    1
 -0.002997669738160156    8    8    4    2
 0.002003031502751149    8    8    4    3
 0.04325428346755258    8    8    4    4
 -0.00321986949312228    8    8    5    1
 0.006037259240791057    8    8    5    2
 -0.003394131667247122    8    8    5    3
 -0.001000203064946934    8    8    5    4
 0.05918933925042961    8    8    5    5
 0.01383546832075514    8    8    6    1
 -0.02192441016274469    8    8    6    2
 0.02509502893802203    8    8    6    3
 0.003333549297612442    8    8    6    4
 -0.007083395540954645    8    8    6    5
 0.09470390602423898    8    8    6    6
 -0.003329144131039696    8    8    7    1
 0.004758696616839981    8    8    7    2
 -0.005565019972150139    8    8    7    3
 -0.002920522092126436    8    8    7    4
 0.003027924977321729    8    8    7    5
 -0.001606452989257533    8    8    7    6
 0.04329296355951361    8    8    7    7
 0.02512063993734444    8    8    8    1
 -0.05838200788365117    8    8    8    2
 -0.007559791721750981    8    8    8    3
 0.005620868463345591    8    8    8    4
 -0.01206981047268751    8    8    8    5
 0.003459321396621795    8    8    8    6
 -0.001902578570452728    8    8    8    7
 0.5555822265284465    8    8    8    8
 0.05988364904976536    9    1    1    1
 0.0006645119794131294    9    1    2    1
 -0.0564068410379376    9    1    2    2
 0.002954281981858856    9    1    3    1
 -0.003884289325764053    9    1    3    2
 -0.02107669168648928    9    1    3    3
 -0.000441458459087828    9    1    4    1
 0.001468220555191271    9    1    4    2
 1.599611063906429e-05    9    1    4    3
 0.006960777714229468    9    1    4    4
 0.002916207373696686    9    1    5    1
 -0.003361776556259662    9    1    5    2
 -4.671784053104243e-05    9    1    5    3
 -0.0007066627782557645    9    1    5    4
 0.01900720540989538    9    1    5    5
 -0.003411116394430804    9    1    6    1
 0.02228730520302525    9    1    6    2
 -0.004125713520255114    9    1    6    3
 0.002892240145467661    9    1    6    4
 -0.008115027714112598    9    1    6    5
 0.0611344334798463    9    1    6    6
 -0.003028631263561571    9    1    7    1
 -0.001776287313847084    9    1    7    2
 7.848379646764507e-05    9    1    7    3
 -0.0009940921533551938    9    1    7    4
 0.001860897827767013    9    1    7    5
 0.0005223030157795252    9    1    7    6
 0.007110929784900813    9    1    7    7
 -0.004163263782841564    9    1    8    1
 -0.007728671544020596    9    1    8    2
 0.003870412448650725    9    1    8    3
 -8.734557373500066e-05    9    1    8    4
 0.0003666163968720329    9    1    8    5
 0.002788643039268853    9    1    8    6
 6.588359927904084e-07    9    1    8    7
 -0.02209191907439572    9    1    8    8
 0.02447595389316636    9    1    9    1
 -0.0434755638317799    9    2    1    1
 -0.04199145446174121    9    2    2    1
 -0.005583416086353611    9    2    2    2
 -0.0003482182657474437    9    2    3    1
 0.03958730091452468    9    2    3    2
 0.05005365068408874    9    2    3    3
 -0.0006156530708933091    9    2    4    1
 -0.005926426683408487    9    2    4    2
 -0.000174894150190853    9    2    4    3
 -0.005677446853672698    9    2    4    4
 0.00134234687094026    9    2    5    1
 0.01449495193141539    9    2    5    2
 0.0002987048597490181    9    2    5    3
 0.0003240655589353639    9    2    5    4
 -0.01271007263324577    9    2    5    5
 -0.008147007591485289    9    2    6    1
 -0.005010758279854018    9    2    6    2
 -0.001866609977954277    9    2    6    3
 -0.001389635130526194    9    2    6    4
 0.003679465685951237    9    2    6    5
 -0.04737298216426585    9    2    6    6
 0.001267043382344625    9    2    7    1
 0.001940673428954644    9    2    7    2
 0.0003975501791968728    9    2    7    3
 0.0006800857919213332    9    2    7    4
 -0.0009560864457646767    9    2    7    5
 0.0006609834406921213    9    2    7    6
 -0.005744651751569324    9    2    7    7
 -0.001835763870755304    9    2    8    1
 -0.00182667571351177    9    2    8    2
 -0.009477962912174103    9    2    8    3
 -0.0003869547029523358    9    2    8    4
 0.0008850489243275871    9    2    8    5
 -0.000296988612762137    9    2    8    6
 0.0001984449585862236    9    2    8    7
 0.05369748811666436    9    2    8    8
 -0.006533953608752449    9    2    9    1
 0.2065904512614131    9    2    9    2
 0.01753204134792965    9    3    1    1
 0.002143793081133528    9    3    2    1
 0.05636628504070967    9    3    2    2
 -0.004194046052946271    9    3    3    1
 0.004703047212160051    9    3    3    2
 -0.05959395600057796    9    3    3    3
 0.0004385863834344972    9    3    4    1
 -7.106855385151359e-05    9    3    4    2
 -0.0009234352682312382    9    3    4    3
 0.003004220364886723    9    3    4    4
 -0.0009155361620549492    9    3    5    1
 -0.0001820920301153541    9    3    5    2
 0.001966985518817024    9    3    5    3
 -0.0002329876625063958    9    3    5    4
 0.006214788746343628    9    3    5    5
 0.003641986230732634    9    3    6    1
 -0.007785212463833195    9    3    6    2
 -0.005128830481956837    9    3    6    3
 0.0008043580108093874    9    3    6    4
 -0.001935732779258394    9    3    6    5
 0.01845832527498171    9    3    6    6
 -0.0007884276190074223    9    3    7    1
 0.00123751462126735    9    3    7    2
 0.00104214374062986    9    3    7    3
 -0.0003840214722829736    9    3    7    4
 0.0005647554054266286    9    3    7    5
 -0.000431816396766023    9    3    7    6
 0.003031933152792704    9    3    7    7
 -0.004961013133228061    9    3    8    1
 0.02114605173033558    9    3    8    2
 -0.009082888078911954    9    3    8    3
 -0.0009925726329666402    9    3    8    4
 0.002168212004616345    9    3    8    5
 -0.003897103577010056    9    3    8    6
 0.0008485370624248976    9    3    8    7
 -0.0605606826434688    9    3    8    8
 -0.007821378612006477    9    3    9    1
 -0.002833340527134153    9    3    9    2
 0.02364801242177243    9    3    9    3
 -0.0008806994136667951    9    4    1    1
 0.000496578197347196    9    4    2    1
 -0.0104553546474646    9    4    2    2
 0.0003029756818619    9    4    3    1
 -0.0007242998934454302    9    4    3    2
 -0.004640824449234257    9    4    3    3
 0.0004265218183409364    9    4    4    1
 -9.201492640356518e-05    9    4    4    2
 0.0001620950282266221    9    4    4    3
 0.01171721430430052    9    4    4    4
 2.416491622894468e-06    9    4    5    1
 -0.0002584276028439256    9    4    5    2
 -0.0001253068593162793    9    4    5    3
 -0.0009621773802728288    9    4    5    4
 0.0006362518982142687    9    4    5    5
 0.0008552713347768537    9    4    6    1
 0.001869638630746492    9    4    6    2
 -0.0001004462107981201    9    4    6    3
 -0.0008876800522038338    9    4    6    4
 0.0003770590974121762    9    4    6    5
 -0.0009077698722440139    9    4    6    6
 0.0008510639888586149    9    4    7    1
 -0.0006661428867379808    9    4    7    2
 0.0001890719036157936    9    4    7    3
 0.002889359009864408    9    4    7    4
 -0.002069024640466271    9    4    7    5
 -0.0003857946924626824    9    4    7    6
 0.01199195214850333    9    4    7    7
 -8.19790679753937e-05    9    4    8    1
 -0.001279026794438974    9    4    8    2
 0.0006927860481096808    9    4    8    3
 -0.00019204438969334    9    4    8    4
 7.044324131527384e-05    9    4    8    5
 0.0003095248001009985    9    4    8    6
 -0.0001553426189415289    9    4    8    7
 -0.004833015479199422    9    4    8    8
 0.002005186873923493    9    4    9    1
 -0.002079042722616191    9    4    9    2
 -0.001278593327679307    9    4    9    3
 0.0006948919480178164    9    4    9    4
 -0.000720194573978792    9    5    1    1
 -0.0007414057586138189    9    5    2    1
 0.02398626836896445    9    5    2    2
 -0.0008320325555397216    9    5    3    1
 0.001564478064921201    9    5    3    2
 0.009926400972941236    9    5    3    3
 0.000757974185581776    9    5    4    1
 -0.0005680900832578516    9    5    4    2
 -5.447943000487255e-06    9    5    4    3
 -0.009720663532041457    9    5    4    4
 0.0008828483188402337    9    5    5    1
 -8.700720275409979e-06    9    5    5    2
 0.0005848291359161653    9    5    5    3
 -0.001452466822104726    9    5    5    4
 -0.02435108016164018    9    5    5    5
 -0.001884773384178805    9    5    6    1
 -0.004809046968127235    9    5    6    2
 0.0003809450884136942    9    5    6    3
 0.0003513362754024432    9    5    6    4
 -0.004907198178822535    9    5    6    5
 -0.0008733000727781443    9    5    6    6
 -0.0002110676064088946    9    5    7    1
 0.0007403563854640725    9    5    7    2
 -5.633230890634219e-05    9    5    7    3
 0.001450317858006035    9    5    7    4
 -0.003200440331128242    9    5    7    5
 -0.0008955850702128584    9    5    7    6
 -0.0102222683448021    9    5    7    7
 0.0003383850262452774    9    5    8    1
 0.003037872735056932    9    5    8    2
 -0.001591510801389736    9    5    8    3
 6.455939477537354e-05    9    5    8    4
 -0.0007696435696256628    9    5    8    5
 -0.0008528110016804842    9    5    8    6
 -7.594860684145314e-06    9    5    8    7
 0.01035759471171294    9    5    8    8
 -0.005146913202768385    9    5    9    1
 0.003865999912667751    9    5    9    2
 0.003049025804760684    9    5    9    3
 -0.0008112798913785066    9    5    9    4
 0.003358240615385028    9    5    9    5
 0.01888015221804273    9    6    1    1
 0.01648573665487289    9    6    2    1
 0.01686363704128243    9    6    2    2
 -0.002694831180436174    9    6    3    1
 -0.008022806969976466    9    6    3    2
 -0.01022849865971612    9    6    3    3
 0.002954058087792509    9    6    4    1
 0.001225349537168296    9    6    4    2
 -3.926401748267911e-05    9    6    4    3
 -0.002918518885857535    9    6    4    4
 -0.008490432150878736    9    6    5    1
 -0.003170168910845415    9    6    5    2
 0.000164284038535694    9    6    5    3
 -5.022859456398106e-05    9    6    5    4
 -0.009095906989172526    9    6    5    5
 0.04326477159544374    9    6    6    1
 -0.0001026454537965022    9    6    6    2
 0.0003037966328556462    9    6    6    3
 0.001518539847016986    9    6    6    4
 -0.004279333591097621    9    6    6    5
 0.0206404842566153    9    6    6    6
 -0.001423856022327968    9    6    7    1
 -0.0003742537179394156    9    6    7    2
 4.541544222534477e-05    9    6    7    3
 0.0003105416160534521    9    6    7    4
 -0.0008089661237192563    9    6    7    5
 -0.003089770145200802    9    6    7    6
 -0.003043706033667346    9    6    7    7
 6.20501523685176e-06    9    6    8    1
 0.002800438347147725    9    6    8    2
 0.001197216908059574    9    6    8    3
 -5.883499959316942e-05    9    6    8    4
 2.905566944284916e-05    9    6    8    5
 -0.003036769411369317    9    6    8    6
 4.726684236416395e-05    9    6    8    7
 -0.01088188740661866    9    6    8    8
 0.002333090444182883    9    6    9    1
 -0.04388643563121533    9    6    9    2
 0.003132953690326037    9    6    9    3
 0.0005132436587567718    9    6    9    4
 -0.000776762538777473    9    6    9    5
 0.01933009126759526    9    6    9    6
 -0.006367205732158379    9    7    1    1
 -0.001200282915862646    9    7    2    1
 0.001634674911553097    9    7    2    2
 -0.0001366081925041651    9    7    3    1
 0.001253713600309682    9    7    3    2
 0.002855998503546739    9    7    3    3
 0.0006289154858556992    9    7    4    1
 -0.0005443198027725267    9    7    4    2
 0.0001448690299621523    9    7    4    3
 0.002956126834812287    9    7    4    4
 -1.548250509356676e-05    9    7    5    1
 0.0005352473463742054    9    7    5    2
 1.856293954717101e-05    9    7    5    3
 -0.001411619633768349    9    7    5    4
 -0.006498652052621317    9    7    5    5
 -0.0002241842602830722    9    7    6    1
 -0.001446597291369449    9    7    6    2
 0.0003046395667695924    9    7    6    3
 -0.0006875160680352823    9    7    6    4
 -7.741218090515838e-05    9    7    6    5
 -0.006643869520524038    9    7    6    6
 0.0007564487938777594    9    7    7    1
 -0.0001093784145790492    9    7    7    2
 0.0001115608771162237    9    7    7    3
 0.006785273873497558    9    7    7    4
 -0.002023037158917851    9    7    7    5
 -0.0006913346889604036    9    7    7    6
 0.003137807414183843    9    7    7    7
 0.0003096880549007881    9    7    8    1
 8.058666906360285e-05    9    7    8    2
 -0.0003814836727642186    9    7    8    3
 -9.989664410984199e-05    9    7    8    4
 -0.0001345597040986491    9    7    8    5
 -0.000127392654226854    9    7    8    6
 -0.0001537509969917415    9    7    8    7
 0.003016335157459433    9    7    8    8
 -0.001643041244820916    9    7    9    1
 0.006032856113773306    9    7    9    2
 2.780623002146765e-05    9    7    9    3
 6.684448969442065e-05    9    7    9    4
 0.000624211724934488    9    7    9    5
 -0.001391110549983059    9    7    9    6
 0.0005810503316088791    9    7    9    7
 -0.007467645552241882    9    8    1    1
 -0.008020928125912477    9    8    2    1
 0.01972790282748172    9    8    2    2
 -0.003253469066655705    9    8    3    1
 0.01520996230168362    9    8    3    2
 0.01070260749560538    9    8    3    3
 8.59353883608738e-06    9    8    4    1
 -0.001312887424150608    9    8    4    2
 -0.0006469414073685544    9    8    4    3
 -0.0009115171729800968    9    8    4    4
 -7.249886424731184e-05    9    8    5    1
 0.003084084980576595    9    8    5    2
 0.00142170907455218    9    8    5    3
 3.403006314917438e-05    9    8    5    4
 -0.002368931444293737    9    8    5    5
 -0.0008741012483295693    9    8    6    1
 -0.004515859429820248    9    8    6    2
 -0.00119267121105845    9    8    6    3
 -0.0002397971424414216    9    8    6    4
 0.0006356024791630743    9    8    6    5
 -0.008042828370122502    9    8    6    6
 0.0002332046342930111    9    8    7    1
 0.0008328176150596922    9    8    7    2
 0.0003734361520263787    9    8    7    3
 0.0001022949968827679    9    8    7    4
 -0.0002073027344049995    9    8    7    5
 -1.463192250751966e-05    9    8    7    6
 -0.0009376773305703214    9    8    7    7
 -0.001638313024465512    9    8    8    1
 0.005313799901187724    9    8    8    2
 -0.04437808911862729    9    8    8    3
 -0.0004589702727620974    9    8    8    4
 0.000916432325916304    9    8    8    5
 -0.003688437116364274    9    8    8    6
 0.0007343574221300558    9    8    8    7
 0.01166853180409817    9    8    8    8
 -0.004923017099865601    9    8    9    1
 0.04088432278783421    9    8    9    2
 0.002860274360449678    9    8    9    3
 -0.0008828087891035171    9    8    9    4
 0.001933614271917021    9    8    9    5
 -0.008461489806303785    9    8    9    6
 0.001369855075603666    9    8    9    7
 0.01799413148905437    9    8    9    8
 0.2081816676776674    9    9    1    1
 0.01153097602064979    9    9    2    1
 0.510261022187407    9    9    2    2
 -0.01716134126677181    9    9    3    1
 0.01522093241406533    9    9    3    2
 0.2099313057502189    9    9    3    3
 0.005003148393002082    9    9    4    1
 -0.001928220999548863    9    9    4    2
 -0.002585121638567329    9    9    4    3
 0.0592343453216199    9    9    4    4
 -0.01056745206863314    9    9    5    1
 0.001393583074625285    9    9    5    2
 0.006442640140575833    9    9    5    3
 -0.002678702359187185    9    9    5    4
 0.09400459016405467    9    9    5    5
 0.04930675342528133    9    9    6    1
 -0.06059977074099557    9    9    6    2
 -0.0008867746199595066    9    9    6    3
 0.00875305899202939    9    9    6    4
 -0.02041817993723415    9    9    6    5
 0.2156525586683307    9    9    6    6
 -0.008639700062049834    9    9    7    1
 0.01084169011176661    9    9    7    2
 -0.0003789916753501262    9    9    7    3
 -0.005365463876469977    9    9    7    4
 0.006337647126557792    9    9    7    5
 -0.005013630602099224    9    9    7    6
 0.05938021011916872    9    9    7    7
 -0.002613270957938314    9    9    8    1
 0.05988000049529318    9    9    8    2
 -0.04591690569618969    9    9    8    3
 0.0001834715242809354    9    9    8    4
 -0.0001817255019642274    9    9    8    5
 -0.01848784691388311    9    9    8    6
 0.002720438461516156    9    9    8    7
 0.216473435644092    9    9    8    8
 -0.05928211742721586    9    9    9    1
 -0.004948624342816494    9    9    9    2
 0.05936042359398645    9    9    9    3
 -0.01101341356327263    9    9    9    4
 0.02531192015676142    9    9    9    5
 0.01832322357017814    9    9    9    6
 0.001745854656745713    9    9    9    7
 0.02163837341154822    9    9    9    8
 0.5366004563099761    9    9    9    9
 0.05988364905135304   10    1    1    1
 0.002916207374313916   10    1    2    1
 0.01900720540999063   10    1    2    2
 -0.0004414584592923131   10    1    3    1
 -0.0007066627782520308   10    1    3    2
 0.006960777713118886   10    1    3    3
 0.002954281982077   10    1    4    1
 -4.671784049906236e-05   10    1    4    2
 1.599611062541854e-05   10    1    4    3
 -0.02107669168634667   10    1    4    4
 0.0006645119788477916   10    1    5    1
 -0.003361776556317402   10    1    5    2
 0.001468220555220139   10    1    5    3
 -0.003884289325768577   10    1    5    4
 -0.05640684103807604   10    1    5    5
 0.003411116396910251   10    1    6    1
 0.008115027714568365   10    1    6    2
 -0.002892240145646526   10    1    6    3
 0.004125713520444963   10    1    6    4
 -0.022287305203168   10    1    6    5
 0.06113443348150299   10    1    6    6
 -0.004163263783509816   10    1    7    1
 0.0003666163971522707   10    1    7    2
 -8.734557386520148e-05   10    1    7    3
 0.003870412448760026   10    1    7    4
 -0.007728671544522626   10    1    7    5
 -0.002788643038646629   10    1    7    6
 -0.02209191907426961   10    1    7    7
 -0.003028631262407276   10    1    8    1
 0.001860897827792719   10    1    8    2
 -0.000994092153512976   10    1    8    3
 7.84837960072314e-05   10    1    8    4
 -0.001776287314044993   10    1    8    5
 -0.0005223030153378599   10    1    8    6
 6.588367745323221e-07   10    1    8    7
 0.007110929783565548   10    1    8    8
 0.009018018401175897   10    1    9    1
 -0.003355178982996641   10    1    9    2
 0.001901695448130603   10    1    9    3
 -0.0003155501754923279   10    1    9    4
 0.004482855381328528   10    1    9    5
 0.003891633451964071   10    1    9    6
 -4.970832099949283e-05   10    1    9    7
 -0.0006504085762599174   10    1    9    8
 0.02028414471963664   10    1    9    9
 0.02447595389372585   10    1   10    1
 -0.0007201945743680033   10    2    1    1
 0.0008828483182895937   10    2    2    1
 -0.02435108016515457   10    2    2    2
 0.0007579741857850044   10    2    3    1
 -0.001452466821849163   10    2    3    2
 -0.009720663529274642   10    2    3    3
 -0.000832032555577931   10    2    4    1
 0.0005848291358740268   10    2    4    2
 -5.447942965082821e-06   10    2    4    3
 0.009926400972795313   10    2    4    4
 -0.0007414057585038954   10    2    5    1
 -8.700720163607891e-06   10    2    5    2
 -0.0005680900833346605   10    2    5    3
 0.001564478064920983   10    2    5    4
 0.02398626836882137   10    2    5    5
 0.001884773383870043   10    2    6    1
 0.004907198179556987   10    2    6    2
 -0.0003513362752467946   10    2    6    3
 -0.000380945088456413   10    2    6    4
 0.004809046968074542   10    2    6    5
 -0.0008733000732949769   10    2    6    6
 0.0003383850260844973   10    2    7    1
 -0.0007696435695987529   10    2    7    2
 6.455939491797512e-05   10    2    7    3
 -0.001591510801440438   10    2    7    4
 0.003037872735261668   10    2    7    5
 0.0008528110015838968   10    2    7    6
 0.01035759471161784   10    2    7    7
 -0.0002110676064545078   10    2    8    1
 -0.003200440332086254   10    2    8    2
 0.001450317858376508   10    2    8    3
 -5.633230867700653e-05   10    2    8    4
 0.0007403563854849515   10    2    8    5
 0.0008955850705822072   10    2    8    6
 -7.594861238846892e-06   10    2    8    7
 -0.01022226834183153   10    2    8    8
 0.00448285538202764   10    2    9    1
 -0.003547133061212639   10    2    9    2
 -0.002960850749380141   10    2    9    3
 0.0007639282492029231   10    2    9    4
 -0.003213743589362071   10    2    9    5
 0.0004021092104020842   10    2    9    6
 -0.0005618574016589748   10    2    9    7
 -0.001817044044696173   10    2    9    8
 -0.02505808336315623   10    2    9    9
 -0.005146913202671273   10    2   10    1
 0.003358240615723644   10    2   10    2
 -0.0008806994132828065   10    3    1    1
 2.416491588479959e-06   10    3    2    1
 0.0006362519007122062   10    3    2    2
 0.0004265218176558314   10    3    3    1
 -0.0009621773783778625   10    3    3    2
 0.01171721430431946   10    3    3    3
 0.000302975681879516   10    3    4    1
 -0.0001253068593371908   10    3    4    2
 0.0001620950280879829   10    3    4    3
 -0.004640824449092551   10    3    4    4
 0.0004965781973021012   10    3    5    1
 -0.0002584276028006157   10    3    5    2
 -9.201492609760757e-05   10    3    5    3
 -0.0007242998934507981   10    3    5    4
 -0.01045535464726152   10    3    5    5
 -0.0008552713346489592   10    3    6    1
 -0.0003770590976817924   10    3    6    2
 0.0008876800519543715   10    3    6    3
 0.0001004462108175541   10    3    6    4
 -0.001869638630719817   10    3    6    5
 -0.000907769871842008   10    3    6    6
 -8.197906795950076e-05   10    3    7    1
 7.044324132840542e-05   10    3    7    2
 -0.0001920443894142705   10    3    7    3
 0.0006927860481177432   10    3    7    4
 -0.001279026794497638   10    3    7    5
 -0.0003095248000468433   10    3    7    6
 -0.004833015479078342   10    3    7    7
 0.0008510639886775092   10    3    8    1
 -0.002069024639844115   10    3    8    2
 0.0028893590001351   10    3    8    3
 0.0001890719034597127   10    3    8    4
 -0.000666142886654121   10    3    8    5
 0.0003857946916154777   10    3    8    6
 -0.0001553426182367701   10    3    8    7
 0.01199195214849614   10    3    8    8
 -0.000315550175865246   10    3    9    1
 -0.0009275166597978156   10    3    9    2
 -0.002275855678666139   10    3    9    3
 -7.236702247876774e-05   10    3    9    4
 0.0007639282492556304   10    3    9    5
 1.811940360248559e-05   10    3    9    6
 0.0001268123675210704   10    3    9    7
 -0.0007334120053180048   10    3    9    8
 0.0006838701103245161   10    3    9    9
 0.002005186873883263   10    3   10    1
 -0.0008112798914051999   10    3   10    2
 0.0006948919477322065   10    3   10    3
 0.01753204134823342   10    4    1    1
 -0.000915536162025939   10    4    2    1
 0.006214788746323288   10    4    2    2
 0.0004385863834192917   10    4    3    1
 -0.0002329876624994949   10    4    3    2
 0.003004220364635258   10    4    3    3
 -0.004194046052853713   10    4    4    1
 0.001966985518798147   10    4    4    2
 -0.0009234352682207078   10    4    4    3
 -0.05959395600060963   10    4    4    4
 0.002143793081136381   10    4    5    1
 -0.0001820920301402478   10    4    5    2
 -7.10685538450069e-05   10    4    5    3
 0.004703047211995799   10    4    5    4
 0.05636628504056809   10    4    5    5
 -0.003641986230502842   10    4    6    1
 0.001935732779262867   10    4    6    2
 -0.0008043580108156528   10    4    6    3
 0.005128830481723156   10    4    6    4
 0.007785212463594865   10    4    6    5
 0.01845832527532129   10    4    6    6
 -0.004961013133341476   10    4    7    1
 0.002168212004669808   10    4    7    2
 -0.0009925726329977802   10    4    7    3
 -0.009082888077955164   10    4    7    4
 0.02114605173056528   10    4    7    5
 0.003897103577852006   10    4    7    6
 -0.06056068264321299   10    4    7    7
 -0.0007884276192528836   10    4    8    1
 0.0005647554055485038   10    4    8    2
 -0.0003840214723801166   10    4    8    3
 0.001042143742021924   10    4    8    4
 0.0012375146205068   10    4    8    5
 0.0004318163966447253   10    4    8    6
 0.0008485370647432017   10    4    8    7
 0.003031933152481338   10    4    8    8
 0.001901695448023218   10    4    9    1
 -0.0009523141489348733   10    4    9    2
 0.0005633815389531005   10    4    9    3
 -0.00227585567925957   10    4    9    4
 -0.002960850748298555   10    4    9    5
 -0.0007946441233523037   10    4    9    6
 -0.001803938574024398   10    4    9    7
 -0.0002003624401174123   10    4    9    8
 0.006327348075390489   10    4    9    9
 -0.007821378611954486   10    4   10    1
 0.003049025804757898   10    4   10    2
 -0.00127859332767317   10    4   10    3
 0.02364801242170626   10    4   10    4
 -0.04347556383266616   10    5    1    1
 0.001342346870881913   10    5    2    1
 -0.01271007263323214   10    5    2    2
 -0.0006156530708598182   10    5    3    1
 0.0003240655589255318   10    5    3    2
 -0.005677446853141204   10    5    3    3
 -0.0003482182658120857   10    5    4    1
 0.0002987048597366111   10    5    4    2
 -0.0001748941501894683   10    5    4    3
 0.05005365068387838   10    5    4    4
 -0.04199145446173667   10    5    5    1
 0.01449495193144935   10    5    5    2
 -0.005926426683414566   10    5    5    3
 0.03958730091453021   10    5    5    4
 -0.005583416085967003   10    5    5    5
 0.008147007591497613   10    5    6    1
 -0.003679465686219153   10    5    6    2
 0.001389635130649414   10    5    6    3
 0.001866609978072379   10    5    6    4
 0.005010758277056848   10    5    6    5
 -0.04737298216653047   10    5    6    6
 -0.001835763870412885   10    5    7    1
 0.0008850489241859203   10    5    7    2
 -0.0003869547028750231   10    5    7    3
 -0.009477962912139353   10    5    7    4
 -0.00182667571389278   10    5    7    5
 0.0002969886108413941   10    5    7    6
 0.05369748811619025   10    5    7    7
 0.001267043382279523   10    5    8    1
 -0.0009560864457518143   10    5    8    2
 0.0006800857919854248   10    5    8    3
 0.0003975501794211683   10    5    8    4
 0.001940673438197981   10    5    8    5
 -0.0006609834392895869   10    5    8    6
 0.0001984449583432539   10    5    8    7
 -0.005744651750501674   10    5    8    8
 -0.003355178983076708   10    5    9    1
 0.001572538263403414   10    5    9    2
 -0.0009523141489953858   10    5    9    3
 -0.0009275166601732507   10    5    9    4
 -0.003547133063679625   10    5    9    5
 0.001079047658626685   10    5    9    6
 -0.0003654558213741956   10    5    9    7
 0.0002515681245701663   10    5    9    8
 -0.01301655815489715   10    5    9    9
 -0.006533953608938036   10    5   10    1
 0.003865999912664466   10    5   10    2
 -0.002079042722638961   10    5   10    3
 -0.002833340527062027   10    5   10    4
 0.2065904512612982   10    5   10    5
 -0.01888015221345703   10    6    1    1
 0.008490432151499128   10    6    2    1
 0.009095906991976556   10    6    2    2
 -0.002954058087998884   10    6    3    1
 5.022859457023554e-05   10    6    3    2
 0.002918518886176063   10    6    3    3
 0.002694831180789993   10    6    4    1
 -0.0001642840385484722   10    6    4    2
 3.926401747402687e-05   10    6    4    3
 0.01022849865779421   10    6    4    4
 -0.01648573665499838   10    6    5    1
 0.003170168910519614   10    6    5    2
 -0.001225349536994389   10    6    5    3
 0.008022806969482302   10    6    5    4
 -0.01686363704629266   10    6    5    5
 0.04326477159730178   10    6    6    1
 -0.004279333590684021   10    6    6    2
 0.001518539846768647   10    6    6    3
 0.0003037966332754925   10    6    6    4
 -0.0001026454563331819   10    6    6    5
 -0.0206404842524298   10    6    6    6
 -6.205014835086997e-06   10    6    7    1
 -2.905566938772717e-05   10    6    7    2
 5.883499957781323e-05   10    6    7    3
 -0.00119721690710108   10    6    7    4
 -0.002800438347984829   10    6    7    5
 -0.00303676941280525   10    6    7    6
 0.01088188740444475   10    6    7    7
 0.001423856022447396   10    6    8    1
 0.0008089661241336609   10    6    8    2
 -0.0003105416168991164   10    6    8    3
 -4.541544233059356e-05   10    6    8    4
 0.0003742537198479994   10    6    8    5
 -0.003089770144727826   10    6    8    6
 -4.726684232995407e-05   10    6    8    7
 0.003043706034038241   10    6    8    8
 -0.00389163345082099   10    6    9    1
 -0.00107904765950182   10    6    9    2
 0.0007946441237945777   10    6    9    3
 -1.811940364580523e-05   10    6    9    4
 -0.0004021092106300315   10    6    9    5
 0.008974603946447618   10    6    9    6
 0.0001754228001156514   10    6    9    7
 0.0001848675670079853   10    6    9    8
 0.009747627995953344   10    6    9    9
 -0.002333090441748273   10    6   10    1
 0.0007767625382061567   10    6   10    2
 -0.0005132436585725227   10    6   10    3
 -0.003132953690990684   10    6   10    4
 0.0438864356302922   10    6   10    5
 0.01933009126787859   10    6   10    6
 -0.007467645554114492   10    7    1    1
 -7.249886431630067e-05   10    7    2    1
 -0.0023689314446793   10    7    2    2
 8.593538829759557e-06   10    7    3    1
 3.40300632274502e-05   10    7    3    2
 -0.0009115171725646136   10    7    3    3
 -0.00325346906658063   10    7    4    1
 0.001421709074483279   10    7    4    2
 -0.0006469414073412205   10    7    4    3
 0.01070260749734306   10    7    4    4
 -0.008020928126320081   10    7    5    1
 0.003084084980766487   10    7    5    2
 -0.001312887424217446   10    7    5    3
 0.01520996230190588   10    7    5    4
 0.01972790282632214   10    7    5    5
 0.0008741012488455716   10    7    6    1
 -0.0006356024794558393   10    7    6    2
 0.0002397971425724701   10    7    6    3
 0.001192671211354147   10    7    6    4
 0.004515859429263301   10    7    6    5
 -0.008042828372421262   10    7    6    6
 -0.001638313024215161   10    7    7    1
 0.0009164323258431438   10    7    7    2
 -0.0004589702727269512   10    7    7    3
 -0.04437808911850494   10    7    7    4
 0.005313799900710039   10    7    7    5
 0.003688437115782061   10    7    7    6
 0.01166853180607928   10    7    7    7
 0.0002332046342530379   10    7    8    1
 -0.0002073027344837802   10    7    8    2
 0.0001022949971965343   10    7    8    3
 0.0003734361536500951   10    7    8    4
 0.0008328176167162161   10    7    8    5
 1.463192264420439e-05   10    7    8    6
 0.0007343574225017968   10    7    8    7
 -0.0009376773300549806   10    7    8    8
 -0.0006504085765433261   10    7    9    1
 0.000251568125309011   10    7    9    2
 -0.0002003624402456416   10    7    9    3
 -0.0007334120072636792   10    7    9    4
 -0.001817044044847585   10    7    9    5
 -0.0001848675670669289   10    7    9    6
 -0.001618667172026388   10    7    9    7
 1.138099683687241e-05   10    7    9    8
 -0.002483974774545947   10    7    9    9
 -0.004923017100030408   10    7   10    1
 0.001933614271901426   10    7   10    2
 -0.0008828087890970964   10    7   10    3
 0.002860274359772282   10    7   10    4
 0.04088432278941984   10    7   10    5
 0.008461489806190303   10    7   10    6
 0.01799413148955189   10    7   10    7
 -0.006367205727063126   10    8    1    1
 -1.548250507106253e-05   10    8    2    1
 -0.006498652057546599   10    8    2    2
 0.0006289154858601903   10    8    3    1
 -0.001411619633963652   10    8    3    2
 0.002956126814174252   10    8    3    3
 -0.0001366081932137797   10    8    4    1
 1.856293990397011e-05   10    8    4    2
 0.0001448690297775879   10    8    4    3
 0.002855998510659889   10    8    4    4
 -0.001200282915066114   10    8    5    1
 0.0005352473461210694   10    8    5    2
 -0.0005443198026667824   10    8    5    3
 0.001253713600592294   10    8    5    4
 0.001634674930718165   10    8    5    5
 0.0002241842577393939   10    8    6    1
 7.741218278233682e-05   10    8    6    2
 0.0006875160664858567   10    8    6    3
 -0.0003046395669160395   10    8    6    4
 0.001446597294134394   10    8    6    5
 -0.006643869515195563   10    8    6    6
 0.0003096880550256315   10    8    7    1
 -0.0001345597043976367   10    8    7    2
 -9.989664352147262e-05   10    8    7    3
 -0.0003814836731954733   10    8    7    4
 8.058667139237291e-05   10    8    7    5
 0.0001273926548741401   10    8    7    6
 0.003016335164817095   10    8    7    7
 0.0007564487922984666   10    8    8    1
 -0.00202303715600497   10    8    8    2
 0.006785273873287449   10    8    8    3
 0.0001115608768471561   10    8    8    4
 -0.0001093784133068768   10    8    8    5
 0.0006913346889549625   10    8    8    6
 -0.0001537509966646179   10    8    8    7
 0.003137807392508208   10    8    8    8
 -4.970831911284335e-05   10    8    9    1
 -0.0003654558239287434   10    8    9    2
 -0.001803938571088907   10    8    9    3
 0.0001268123677622986   10    8    9    4
 -0.0005618574032057921   10    8    9    5
 -0.0001754228000768854   10    8    9    6
 -1.228180577313956e-05   10    8    9    7
 -0.001618667172572128   10    8    9    8
 -0.006772012799079125   10    8    9    9
 -0.001643041247648446   10    8   10    1
 0.0006242117265271406   10    8   10    2
 6.684448838649181e-05   10    8   10    3
 2.780623238222975e-05   10    8   10    4
 0.00603285611286818   10    8   10    5
 0.001391110548734992   10    8   10    6
 0.001369855076153382   10    8   10    7
 0.0005810503314005621   10    8   10    8
 0.01897154725473106   10    9    1    1
 0.003014348081174164   10    9    2    1
 -0.0007626836518775592   10    9    2    2
 0.0002345596416054516   10    9    3    1
 -0.00298698447681824   10    9    3    2
 -0.005732479264339351   10    9    3    3
 0.0002345596418198542   10    9    4    1
 0.0005540488575797205   10    9    4    2
 -1.831349809691743e-05   10    9    4    3
 -0.005732479265495647   10    9    4    4
 0.003014348080188615   10    9    5    1
 -0.002571119442534425   10    9    5    2
 0.0005540488575420717   10    9    5    3
 -0.002986984476246919   10    9    5    4
 -0.0007626836562421315   10    9    5    5
 1.221008341345246e-12   10    9    6    1
 0.003420864185839383   10    9    6    2
 -0.0008241501537319336   10    9    6    3
 0.0008241501538971363   10    9    6    4
 -0.003420864186471816   10    9    6    5
 0.01975768326856977   10    9    6    6
 -0.0008549655151518703   10    9    7    1
 -0.0002330845791037033   10    9    7    2
 -1.230292896703121e-06   10    9    7    3
 0.0007699366311874588   10    9    7    4
 0.0001752177162017619   10    9    7    5
 -0.0002006331840508212   10    9    7    6
 -0.006073090358821675   10    9    7    7
 -0.0008549655147586023   10    9    8    1
 0.0001752177166373972   10    9    8    2
 0.0007699366326682712   10    9    8    3
 -1.230292858333801e-06   10    9    8    4
 -0.0002330845799295794   10    9    8    5
 0.0002006331840459185   10    9    8    6
 1.736351409766288e-05   10    9    8    7
 -0.006073090357715361   10    9    8    8
 0.003958748664947719   10    9    9    1
 -0.01477453062281065   10    9    9    2
 0.0003037397204390918   10    9    9    3
 0.0002796139407479212   10    9    9    4
 -0.0001055020687358913   10    9    9    5
 0.003571721656600806   10    9    9    6
 -0.0005940798098102114   10    9    9    7
 -0.003231280304205269   10    9    9    8
 -0.0008127389383067589   10    9    9    9
 0.003958748665807556   10    9   10    1
 -0.0001055020692812274   10    9   10    2
 0.0002796139408285323   10    9   10    3
 0.0003037397199017451   10    9   10    4
 -0.01477453062049692   10    9   10    5
 -0.00357172165513854   10    9   10    6
 -0.003231280303794442   10    9   10    7
 -0.0005940798094843305   10    9   10    8
 0.002784734492502739   10    9   10    9
 0.2081816676780782   10   10    1    1
 -0.01056745206829164   10   10    2    1
 0.09400459016486362   10   10    2    2
 0.005003148392807985   10   10    3    1
 -0.00267870235912645   10   10    3    2
 0.05923434532130034   10   10    3    3
 -0.01716134126669816   10   10    4    1
 0.006442640140579521   10   10    4    2
 -0.002585121638578704   10   10    4    3
 0.209931305750207   10   10    4    4
 0.01153097602030978   10   10    5    1
 0.001393583074587103   10   10    5    2
 -0.001928220999558494   10   10    5    3
 0.01522093241425112   10   10    5    4
 0.5102610221868837   10   10    5    5
 -0.04930675342327775   10   10    6    1
 0.02041817993690627   10   10    6    2
 -0.008753058991918737   10   10    6    3
 0.0008867746196129995   10   10    6    4
 0.0605997707405   10   10    6    5
 0.2156525586690312   10   10    6    6
 -0.002613270959481064   10   10    7    1
 -0.000181725501037769   10   10    7    2
 0.000183471523770869   10   10    7    3
 -0.04591690569676799   10   10    7    4
 0.05988000049740928   10   10    7    5
 0.01848784691421091   10   10    7    6
 0.216473435645125   10   10    7    7
 -0.008639700065096127   10   10    8    1
 0.006337647128063574   10   10    8    2
 -0.005365463877624619   10   10    8    3
 -0.0003789916711686727   10   10    8    4
 0.01084169011011936   10   10    8    5
 0.005013630602180023   10   10    8    6
 0.002720438457516618   10   10    8    7
 0.05938021011889429   10   10    8    8
 0.02028414471948796   10   10    9    1
 -0.01301655815526208   10   10    9    2
 0.00632734807560009   10   10    9    3
 0.0006838701076013006   10   10    9    4
 -0.02505808335955884   10   10    9    5
 -0.009747627992635004   10   10    9    6
 -0.006772012793890011   10   10    9    7
 -0.002483974774078396   10   10    9    8
 0.09482519344893965   10   10    9    9
 -0.05928211742724569   10   10   10    1
 0.02531192015660286   10   10   10    2
 -0.0110134135630914   10   10   10    3
 0.05936042359376154   10   10   10    4
 -0.004948624341695315   10   10   10    5
 -0.01832322357508526   10   10   10    6
 0.02163837341050133   10   10   10    7
 0.0017458546769775   10   10   10    8
 -0.0008127389429286211   10   10   10    9
 0.5366004563088536   10   10   10   10
 -1.982086854817221    1    1  0  0
 -0.04287599899822563    2    1  0  0
 -1.922118502889238    2    2  0  0
 0.02243354678272301    3    1  0  0
 -0.05629553934194217    3    2  0  0
 -1.643776143892273    3    3  0  0
 0.02243354678259089    4    1  0  0
 -0.01295319037397687    4    2  0  0
 0.008957682599620355    4    3  0  0
 -1.643776143892256    4    4  0  0
 -0.04287599899820889    5    1  0  0
 0.01767681460866162    5    2  0  0
 -0.01295319037396106    5    3  0  0
 -0.05629553934196546    5    4  0  0
 -1.922118502889225    5    5  0  0
 -1.563445703614321e-13    6    1  0  0
 -0.02242601424711091    6    2  0  0
 0.0259611360531894    6    3  0  0
 -0.02596113605388518    6    4  0  0
 0.02242601424717357    6    5  0  0
 -1.746708940809847    6    6  0  0
 0.01771749884283308    7    1  0  0
 -0.006101073145153867    7    2  0  0
 -0.001067271420396258    7    3  0  0
 0.1367803578593618    7    4  0  0
 -0.04111313315448763    7    5  0  0
 -0.006188080086256888    7    6  0  0
 -1.416337416524386    7    7  0  0
 0.017717498842208    8    1  0  0
 -0.0411131331545786    8    2  0  0
 0.1367803578598902    8    3  0  0
 -0.00106727142806678    8    4  0  0
 -0.006101073142007966    8    5  0  0
 0.006188080080303442    8    6  0  0
 -0.005385106752141804    8    7  0  0
 -1.416337416523083    8    8  0  0
 -0.001728681632496042    9    1  0  0
 0.03446912490099981    9    2  0  0
 -0.06335220701596291    9    3  0  0
 0.01022025141467369    9    4  0  0
 -0.004176574162225475    9    5  0  0
 0.04738960052481503    9    6  0  0
 0.005798049575601525    9    7  0  0
 0.03823464836025554    9    8  0  0
 -1.687389435901088    9    9  0  0
 -0.001728681633200233   10    1  0  0
 -0.004176574160360994   10    2  0  0
 0.01022025140825684   10    3  0  0
 -0.06335220701566903   10    4  0  0
 0.03446912490140412   10    5  0  0
 -0.04738960052590212   10    6  0  0
 0.0382346483612507   10    7  0  0
 0.005798049562305157   10    8  0  0
 -0.001847120291750188   10    9  0  0
 -1.687389435902784   10   10  0  0
 6.37978775367589  0  0  0  0
