 &FCI NORB=  10,NELEC=10,MS2=0,
  ORBSYM=1,1,1,1,1,1,1,1,1,1,
  ISYM=1,
 &END
 0.493071314545613    1    1    1    1
 0.01317257415307211    2    1    1    1
 0.01716052712307835    2    1    2    1
 0.2006737553547249    2    2    1    1
 0.01088213860336267    2    2    2    1
 0.4965906562563398    2    2    2    2
 0.000240162368175414    3    1    1    1
 -0.002705458272320271    3    1    2    1
 -0.01616564197476255    3    1    2    2
 0.002397246707534352    3    1    3    1
 -0.008130973285975601    3    2    1    1
 -0.007983985489104698    3    2    2    1
 0.01413497576519975    3    2    2    2
 -0.003343245505180326    3    2    3    1
 0.01602330815075814    3    2    3    2
 0.09315015967232941    3    3    1    1
 -0.01074338860646708    3    3    2    1
 0.2017810608585172    3    3    2    2
 0.004084282118526613    3    3    3    1
 0.004084694637634872    3    3    3    2
 0.5181630978945201    3    3    3    3
 0.0002401623683196675    4    1    1    1
 0.002860886261828394    4    1    2    1
 0.004617162564700248    4    1    2    2
 -0.0009500839221285737    4    1    3    1
 -3.471626215503713e-05    4    1    3    2
 0.001563216904370302    4    1    3    3
 0.002397246707531004    4    1    4    1
 0.006009553138300914    4    2    1    1
 0.001262485251203172    4    2    2    1
 -0.001867919628440732    4    2    2    2
 0.0001254481617731184    4    2    3    1
 -0.001251672111750228    4    2    3    2
 -0.002801564187007048    4    2    3    3
 -0.0006597936283350137    4    2    4    1
 0.0005587674173109587    4    2    4    2
 -0.002323103376630557    4    3    1    1
 -9.6165228713398e-06    4    3    2    1
 -0.002448628727881256    4    3    2    2
 0.0002932858921404535    4    3    3    1
 -0.0006854256336743456    4    3    3    2
 0.001953395440266913    4    3    3    3
 0.0002932858921376679    4    3    4    1
 -0.0001493505491333872    4    3    4    2
 0.000139535797939958    4    3    4    3
 0.09315015967232548    4    4    1    1
 -0.003083229263577881    4    4    2    1
 0.05903981286000821    4    4    2    2
 0.001563216904350161    4    4    3    1
 -0.0009716895963448741    4    4    3    2
 0.04321461561870285    4    4    3    3
 0.004084282118369891    4    4    4    1
 -0.003311572683448238    4    4    4    2
 0.001953395440259997    4    4    4    3
 0.5181630978945251    4    4    4    4
 0.01317257415304855    5    1    1    1
 -0.008449443331908136    5    1    2    1
 -0.009650421014176524    5    1    2    2
 0.00286088626182211    5    1    3    1
 2.257427640026267e-05    5    1    3    2
 -0.003083229263588332    5    1    3    3
 -0.002705458272313593    5    1    4    1
 8.100948436657395e-05    5    1    4    2
 -9.616522868613345e-06    5    1    4    3
 -0.01074338860645611    5    1    4    4
 0.01716052712308379    5    1    5    1
 -0.01731202731830667    5    2    1    1
 -0.003198116307262332    5    2    2    1
 0.001363568569989649    5    2    2    2
 -0.0001927448733261976    5    2    3    1
 0.002981084748974085    5    2    3    2
 0.005616798903455627    5    2    3    3
 -0.0001927448733326057    5    2    4    1
 -0.0005641110990421112    5    2    4    2
 1.694129408567645e-05    5    2    4    3
 0.005616798903436485    5    2    4    4
 -0.003198116307259792    5    2    5    1
 0.002622388380440549    5    2    5    2
 0.006009553138290498    5    3    1    1
 8.100948436947221e-05    5    3    2    1
 0.006097191468790147    5    3    2    2
 -0.0006597936283405584    5    3    3    1
 0.001489618834105433    5    3    3    2
 -0.003311572683427732    5    3    3    3
 0.0001254481617781405    5    3    4    1
 -1.035586796433577e-05    5    3    4    2
 -0.000149350549133505    5    3    4    3
 -0.002801564187010038    5    3    4    4
 0.001262485251195342    5    3    5    1
 -0.0005641110990391095    5    3    5    2
 0.0005587674173105063    5    3    5    3
 -0.008130973285969546    5    4    1    1
 2.257427639677148e-05    5    4    2    1
 -0.002551761348710033    5    4    2    2
 -3.471626215063835e-05    5    4    3    1
 5.552080644469795e-05    5    4    3    2
 -0.000971689596346035    5    4    3    3
 -0.003343245505184684    5    4    4    1
 0.001489618834102959    5    4    4    2
 -0.0006854256336739679    5    4    4    3
 0.004084694637624817    5    4    4    4
 -0.007983985489101168    5    4    5    1
 0.00298108474896891    5    4    5    2
 -0.00125167211174762    5    4    5    3
 0.0160233081507539    5    4    5    4
 0.2006737553547396    5    5    1    1
 -0.009650421014161751    5    5    2    1
 0.09318585172799891    5    5    2    2
 0.004617162564646703    5    5    3    1
 -0.002551761348704993    5    5    3    2
 0.05903981286000724    5    5    3    3
 -0.01616564197476195    5    5    4    1
 0.006097191468777508    5    5    4    2
 -0.002448628727875991    5    5    4    3
 0.2017810608585104    5    5    4    4
 0.01088213860339608    5    5    5    1
 0.001363568569943813    5    5    5    2
 -0.001867919628464711    5    5    5    3
 0.01413497576521294    5    5    5    4
 0.4965906562563354    5    5    5    5
 -6.972404141248017e-13    6    1    1    1
 0.04165869132286592    6    1    2    1
 0.04553819333336487    6    1    2    2
 -0.0130969985755177    6    1    3    1
 -0.001222465981980456    6    1    3    2
 0.01352987197360559    6    1    3    3
 0.01309699857547864    6    1    4    1
 0.0001444676472498657    6    1    4    2
 -8.591832798263896e-15    6    1    4    3
 -0.0135298719736001    6    1    4    4
 -0.04165869132291693    6    1    5    1
 4.260105365124732e-14    6    1    5    2
 -0.0001444676472410812    6    1    5    3
 0.001222465982045726    6    1    5    4
 -0.04553819333266956    6    1    5    5
 0.2042415963010689    6    1    6    1
 0.0573128469857164    6    2    1    1
 0.001610651310053003    6    2    2    1
 -0.05933746991415877    6    2    2    2
 0.002712004037666509    6    2    3    1
 -0.003583192906928991    6    2    3    2
 -0.0206486524299249    6    2    3    3
 -0.0005386529650099714    6    2    4    1
 0.001570135735864759    6    2    4    2
 -1.28425414253827e-05    6    2    4    3
 0.006960509259377075    6    2    4    4
 0.003236028593376066    6    2    5    1
 -0.00364220863561317    6    2    5    2
 3.648285808619826e-05    6    2    5    3
 -0.0007863288730325102    6    2    5    4
 0.01941989242300523    6    2    5    5
 -0.004624709169877598    6    2    6    1
 0.02459996625277977    6    2    6    2
 -0.02194563965465584    6    3    1    1
 0.0002893917902994423    6    3    2    1
 -0.0009364421722893216    6    3    2    2
 0.0005438915827545188    6    3    3    1
 -0.001697755026109497    6    3    3    2
 0.02449905656328449    6    3    3    3
 0.000196449782232718    6    3    4    1
 -0.000309797795326265    6    3    4    2
 0.0003397186272704323    6    3    4    3
 -0.003277244916536341    6    3    4    4
 -0.001187317476175514    6    3    5    1
 0.0008091483708039843    6    3    5    2
 -0.0007225619768234813    6    3    5    3
 0.0002991427742536236    6    3    5    4
 -0.008365792724292042    6    3    5    5
 0.002810408820675368    6    3    6    1
 -0.004449011469200608    6    3    6    2
 0.003076518286022259    6    3    6    3
 0.0219456396545386    6    4    1    1
 0.001187317476195587    6    4    2    1
 0.008365792724427246    6    4    2    2
 -0.0001964497822559066    6    4    3    1
 -0.0002991427742368396    6    4    3    2
 0.00327724491653861    6    4    3    3
 -0.0005438915828340913    6    4    4    1
 0.000722561976868605    6    4    4    2
 -0.0003397186272917008    6    4    4    3
 -0.02449905656241461    6    4    4    4
 -0.0002893917903669768    6    4    5    1
 -0.0008091483707890787    6    4    5    2
 0.0003097977953266847    6    4    5    3
 0.001697755026512421    6    4    5    4
 0.0009364421718805923    6    4    5    5
 0.002810408820714967    6    4    6    1
 0.002896788361301939    6    4    6    2
 -0.001057985208189038    6    4    6    3
 0.003076518286002462    6    4    6    4
 -0.05731284698524447    6    5    1    1
 -0.003236028593386882    6    5    2    1
 -0.0194198924232575    6    5    2    2
 0.0005386529650530067    6    5    3    1
 0.0007863288729980847    6    5    3    2
 -0.00696050925935137    6    5    3    3
 -0.002712004037658271    6    5    4    1
 -3.648285810711682e-05    6    5    4    2
 1.284254144005202e-05    6    5    4    3
 0.0206486524298831    6    5    4    4
 -0.001610651309425452    6    5    5    1
 0.003642208635382845    6    5    5    2
 -0.001570135735786132    6    5    5    3
 0.003583192906307321    6    5    5    4
 0.05933746991385672    6    5    5    5
 -0.004624709169584133    6    5    6    1
 -0.008199255557743717    6    5    6    2
 0.002896788361339337    6    5    6    3
 -0.004449011469368974    6    5    6    4
 0.02459996625254309    6    5    6    5
 0.5068093501914483    6    6    1    1
 0.01407165410150072    6    6    2    1
 0.2085315084949588    6    6    2    2
 0.000182583523227666    6    6    3    1
 -0.008961490429677615    6    6    3    2
 0.09401130358707943    6    6    3    3
 0.0001825835232832931    6    6    4    1
 0.006346245206397941    6    6    4    2
 -0.002436594519433484    6    6    4    3
 0.09401130358689751    6    6    4    4
 0.01407165410209859    6    6    5    1
 -0.01837841005276687    6    6    5    2
 0.006346245206436474    6    6    5    3
 -0.008961490429979513    6    6    5    4
 0.2085315084952374    6    6    5    5
 -1.697981638540755e-12    6    6    6    1
 0.06026145403068775    6    6    6    2
 -0.02314858828363932    6    6    6    3
 0.02314858828345272    6    6    6    4
 -0.06026145403012615    6    6    6    5
 0.5331236334006226    6    6    6    6
 -0.02215044580875486    7    1    1    1
 -0.001085043669538594    7    1    2    1
 -0.008185531827618563    7    1    2    2
 0.00017096121480094    7    1    3    1
 0.0002696533966113917    7    1    3    2
 -0.003266462132158062    7    1    3    3
 0.0005183970204290143    7    1    4    1
 -0.0007015530790754727    7    1    4    2
 0.0003320375053101387    7    1    4    3
 0.02387765817655042    7    1    4    4
 0.0004411170993651674    7    1    5    1
 0.0007249207234930552    7    1    5    2
 -0.0002773964139863191    7    1    5    3
 -0.001544398989355124    7    1    5    4
 -0.002389789242899972    7    1    5    5
 -0.002604962667489926    7    1    6    1
 -0.002799288204373402    7    1    6    2
 0.001031327142422339    7    1    6    3
 -0.00293213720014807    7    1    6    4
 0.003800660586517728    7    1    6    5
 -0.02278952765268874    7    1    6    6
 0.003063048151095954    7    1    7    1
 0.001268152596132922    7    2    1    1
 -0.0005699954038624098    7    2    2    1
 0.01054931981380287    7    2    2    2
 -0.0002679102920314637    7    2    3    1
 0.0006773634186156689    7    2    3    2
 0.004536217950840271    7    2    3    3
 -0.000417182020350402    7    2    4    1
 8.63622251109474e-05    7    2    4    2
 -0.0001575279642768661    7    2    4    3
 -0.01148817314751753    7    2    4    4
 1.90972946830745e-06    7    2    5    1
 0.0002653660554841905    7    2    5    2
 0.0001170767582423359    7    2    5    3
 0.000876521600690443    7    2    5    4
 -0.0001873811246998032    7    2    5    5
 -0.0008859107900201295    7    2    6    1
 -0.001939857679009267    7    2    6    2
 9.912359590318959e-05    7    2    6    3
 0.000869083332259425    7    2    6    4
 -0.000306352963239506    7    2    6    5
 0.001357051664876001    7    2    6    6
 -0.0009192021312394071    7    2    7    1
 0.0006934674399199497    7    2    7    2
 -5.403579743569572e-05    7    3    1    1
 4.95691258028871e-05    7    3    2    1
 -0.0003685236566959181    7    3    2    2
 -0.0002289304532437186    7    3    3    1
 0.0004755684937199911    7    3    3    2
 -0.005439253388052204    7    3    3    3
 0.0002229134705925914    7    3    4    1
 -0.0001057495311907543    7    3    4    2
 -8.480279696524452e-07    7    3    4    3
 0.005353826888913909    7    3    4    4
 -4.297852153528158e-05    7    3    5    1
 -1.627783115178576e-06    7    3    5    2
 0.0001085392782055654    7    3    5    3
 -0.0004391175577063893    7    3    5    4
 0.0001873986110769904    7    3    5    5
 0.0004118469025214214    7    3    6    1
 0.0001005927663257912    7    3    6    2
 -0.0003845304930062477    7    3    6    3
 -0.0003743070102566806    7    3    6    4
 6.144489993856021e-05    7    3    6    5
 -5.917939153578456e-05    7    3    6    6
 0.0003973860167544604    7    3    7    1
 -0.0002000185728297136    7    3    7    2
 0.0001684582952469015    7    3    7    3
 -0.01193052467300464    7    4    1    1
 0.0003725873003012859    7    4    2    1
 -0.005300559550846641    7    4    2    2
 -0.0001868979608058013    7    4    3    1
 0.0001193033845122577    7    4    3    2
 -0.002903890236500913    7    4    3    3
 0.01463460674582519    7    4    4    1
 -0.0066171150366017    7    4    4    2
 0.003006598146867243    7    4    4    3
 -0.008527581365415413    7    4    4    4
 0.001411404208202277    7    4    5    1
 -0.0007042216969963571    7    4    5    2
 0.0003462432681050151    7    4    5    3
 -0.04207794969879317    7    4    5    4
 -0.04187353788246916    7    4    5    5
 0.001726549734210192    7    4    6    1
 -0.0009868806801493894    7    4    6    2
 0.0004221094123976143    7    4    6    3
 -0.005178667897911301    7    4    6    4
 -0.003531425587774064    7    4    6    5
 -0.01221382729284807    7    4    6    6
 0.00561325525550734    7    4    7    1
 -0.003090957555831817    7    4    7    2
 0.001589960473258105    7    4    7    3
 0.2198629869590991    7    4    7    4
 0.0171177762158486    7    5    1    1
 -0.0008343988016112431    7    5    2    1
 0.006194875037334876    7    5    2    2
 0.0004090525551310393    7    5    3    1
 -0.0002285461378557909    7    5    3    2
 0.002995618274537893    7    5    3    3
 -0.0038572839617029    7    5    4    1
 0.001826642287077    7    5    4    2
 -0.0008580657093150158    7    5    4    3
 -0.05574501589948656    7    5    4    4
 0.001803121642670324    7    5    5    1
 -6.753029049814049e-05    7    5    5    2
 -0.0001241156300139656    7    5    5    3
 0.003631840577316037    7    5    5    4
 0.05872369771936639    7    5    5    5
 -0.003337916234877058    7    5    6    1
 0.001897978900383723    7    5    6    2
 -0.0007929046559067409    7    5    6    3
 0.004647887715422894    7    5    6    4
 0.008645134668593126    7    5    6    5
 0.01829705037887024    7    5    6    6
 -0.005288415820346938    7    5    7    1
 0.002312569153662821    7    5    7    2
 -0.00105971449569619    7    5    7    3
 -0.01095619053770605    7    5    7    4
 0.02319839932607327    7    5    7    5
 0.0002356458141327351    7    6    1    1
 -0.002855251357413312    7    6    2    1
 -0.0047013691916856    7    6    2    2
 0.0009555533342592184    7    6    3    1
 4.426975015249861e-05    7    6    3    2
 -0.001548154960246895    7    6    3    3
 -0.002338663338516413    7    6    4    1
 0.0006431218183178779    7    6    4    2
 -0.0002846604266199265    7    6    4    3
 -0.003263357487228068    7    6    4    4
 0.002521825315273728    7    6    5    1
 0.0002407342425720066    7    6    5    2
 -0.0001495760535143552    7    6    5    3
 0.003140942176927183    7    6    5    4
 0.01777956622017404    7    6    5    5
 -0.01326841729047695    7    6    6    1
 0.0006598209204843327    7    6    6    2
 -0.0002261802712463668    7    6    6    3
 0.0004250675012362961    7    6    6    4
 0.003273840555327953    7    6    6    5
 0.0002994049812204602    7    6    6    6
 -0.0006248905984690657    7    6    7    1
 0.00044359925970614    7    6    7    2
 -0.0002369483188739213    7    6    7    3
 -0.01500771756533091    7    6    7    4
 0.004442557248620747    7    6    7    5
 0.002534931829073621    7    6    7    6
 0.09383925973743612    7    7    1    1
 -0.003219869493070675    7    7    2    1
 0.05918933925037358    7    7    2    2
 0.001625350448722907    7    7    3    1
 -0.001000203065012    7    7    3    2
 0.04325428346715002    7    7    3    3
 0.004164877944288096    7    7    4    1
 -0.003394131667206686    7    7    4    2
 0.002003031502720425    7    7    4    3
 0.5301849315103931    7    7    4    4
 -0.0116553365223263    7    7    5    1
 0.006037259240705529    7    7    5    2
 -0.002997669738148549    7    7    5    3
 0.00451743708339327    7    7    5    4
 0.2087153300220871    7    7    5    5
 -0.01383546832103838    7    7    6    1
 0.00708339554112539    7    7    6    2
 -0.003333549297665947    7    7    6    3
 -0.0250950289370679    7    7    6    4
 0.02192441016273214    7    7    6    5
 0.09470390602486672    7    7    6    6
 0.02512063993675388    7    7    7    1
 -0.01206981047225641    7    7    7    2
 0.005620868463075491    7    7    7    3
 -0.007559791723313781    7    7    7    4
 -0.05838200788270359    7    7    7    5
 -0.003459321401645378    7    7    7    6
 0.5555822265273026    7    7    7    7
 -0.0221504458051357    8    1    1    1
 0.0004411170999895529    8    1    2    1
 -0.002389789241518297    8    1    2    2
 0.0005183970202938796    8    1    3    1
 -0.001544398989439573    8    1    3    2
 0.02387765817703977    8    1    3    3
 0.0001709612150498706    8    1    4    1
 -0.0002773964139572049    8    1    4    2
 0.0003320375053013118    8    1    4    3
 -0.003266462134020005    8    1    4    4
 -0.001085043669970263    8    1    5    1
 0.0007249207233071991    8    1    5    2
 -0.0007015530790041314    8    1    5    3
 0.0002696533965019922    8    1    5    4
 -0.008185531830465489    8    1    5    5
 0.002604962670031518    8    1    6    1
 -0.003800660585939032    8    1    6    2
 0.002932137200005981    8    1    6    3
 -0.001031327142094134    8    1    6    4
 0.002799288203171366    8    1    6    5
 -0.02278952764904036    8    1    6    6
 0.001060877323846458    8    1    7    1
 4.330720066217608e-05    8    1    7    2
 -0.0003698337746191522    8    1    7    3
 0.0004228002266920884    8    1    7    4
 -0.0007728055114314973    8    1    7    5
 -0.0002002840651564163    8    1    7    6
 -0.003329144133048708    8    1    7    7
 0.003063048150787292    8    1    8    1
 0.01711777621623332    8    2    1    1
 0.00180312164258268    8    2    2    1
 0.05872369771725627    8    2    2    2
 -0.003857283961658846    8    2    3    1
 0.003631840577335626    8    2    3    2
 -0.05574501590010122    8    2    3    3
 0.0004090525551051237    8    2    4    1
 -0.0001241156299930351    8    2    4    2
 -0.0008580657093127925    8    2    4    3
 0.002995618275420429    8    2    4    4
 -0.0008343988016043311    8    2    5    1
 -6.753029048650582e-05    8    2    5    2
 0.001826642287048036    8    2    5    3
 -0.0002285461378240528    8    2    5    4
 0.006194875038566776    8    2    5    5
 0.003337916235063143    8    2    6    1
 -0.008645134668252737    8    2    6    2
 -0.004647887715675355    8    2    6    3
 0.0007929046559144829    8    2    6    4
 -0.001897978900301551    8    2    6    5
 0.01829705037926574    8    2    6    6
 -0.0007728055112178896    8    2    7    1
 0.001337918259701121    8    2    7    2
 0.0009492247016856449    8    2    7    3
 -0.0003840904735851839    8    2    7    4
 0.0005638531082246559    8    2    7    5
 -0.0004389275805342837    8    2    7    6
 0.003027924978292497    8    2    7    7
 -0.005288415820296861    8    2    8    1
 0.02319839932549274    8    2    8    2
 -0.01193052467319843    8    3    1    1
 0.001411404208200523    8    3    2    1
 -0.04187353788222573    8    3    2    2
 0.01463460674584747    8    3    3    1
 -0.04207794969884953    8    3    3    2
 -0.008527581364685574    8    3    3    3
 -0.0001868979607982216    8    3    4    1
 0.0003462432680978233    8    3    4    2
 0.003006598146878255    8    3    4    3
 -0.002903890236911098    8    3    4    4
 0.0003725873003080034    8    3    5    1
 -0.0007042216970063025    8    3    5    2
 -0.006617115036617511    8    3    5    3
 0.0001193033844975222    8    3    5    4
 -0.005300559551382779    8    3    5    5
 -0.001726549734326412    8    3    6    1
 0.003531425587925267    8    3    6    2
 0.00517866789566425    8    3    6    3
 -0.0004221094124149204    8    3    6    4
 0.0009868806801409742    8    3    6    5
 -0.01221382729342469    8    3    6    6
 0.0004228002266855883    8    3    7    1
 -0.0006290051936478135    8    3    7    2
 -0.001494708447039492    8    3    7    3
 0.0003235975301570341    8    3    7    4
 -0.0003840904736383273    8    3    7    5
 0.0001798640458632713    8    3    7    6
 -0.002920522092725693    8    3    7    7
 0.005613255255590776    8    3    8    1
 -0.01095619053770733    8    3    8    2
 0.2198629869594982    8    3    8    3
 -5.403579602502877e-05    8    4    1    1
 -4.29785215734256e-05    8    4    2    1
 0.0001873986115849793    8    4    2    2
 0.0002229134706196115    8    4    3    1
 -0.0004391175577276067    8    4    3    2
 0.005353826889169919    8    4    3    3
 -0.0002289304539264836    8    4    4    1
 0.0001085392785240342    8    4    4    2
 -8.480281149431125e-07    8    4    4    3
 -0.005439253390628773    8    4    4    4
 4.956912584617078e-05    8    4    5    1
 -1.627783109012441e-06    8    4    5    2
 -0.0001057495312028139    8    4    5    3
 0.0004755684953663942    8    4    5    4
 -0.0003685236527748043    8    4    5    5
 -0.0004118469027058984    8    4    6    1
 -6.144489976599223e-05    8    4    6    2
 0.0003743070101922372    8    4    6    3
 0.0003845304934402567    8    4    6    4
 -0.0001005927659234836    8    4    6    5
 -5.91793900686763e-05    8    4    6    6
 -0.0003698337750442119    8    4    7    1
 0.0001849425698979435    8    4    7    2
 -0.000161741938391839    8    4    7    3
 -0.001494708454908151    8    4    7    4
 0.0009492247030232091    8    4    7    5
 0.0002110988089070964    8    4    7    6
 -0.005565019974797351    8    4    7    7
 0.0003973860167063577    8    4    8    1
 -0.001059714495666226    8    4    8    2
 0.001589960473246593    8    4    8    3
 0.0001684582954475258    8    4    8    4
 0.00126815259299992    8    5    1    1
 1.90972951832202e-06    8    5    2    1
 -0.0001873811255894503    8    5    2    2
 -0.0004171820203934885    8    5    3    1
 0.0008765216007258392    8    5    3    2
 -0.01148817314792007    8    5    3    3
 -0.0002679102919446588    8    5    4    1
 0.0001170767581909708    8    5    4    2
 -0.0001575279642557521    8    5    4    3
 0.004536217955132547    8    5    4    4
 -0.0005699954057953911    8    5    5    1
 0.0002653660561666778    8    5    5    2
 8.636222483722517e-05    8    5    5    3
 0.0006773634202791148    8    5    5    4
 0.01054931981213389    8    5    5    5
 0.0008859107904663375    8    5    6    1
 0.0003063529628540933    8    5    6    2
 -0.0008690833321295554    8    5    6    3
 -9.912359603540437e-05    8    5    6    4
 0.001939857679150521    8    5    6    5
 0.001357051661488509    8    5    6    6
 4.33072007702883e-05    8    5    7    1
 -5.392969751710989e-05    8    5    7    2
 0.0001849425697096018    8    5    7    3
 -0.000629005193746028    8    5    7    4
 0.001337918258990683    8    5    7    5
 0.0003249283502408773    8    5    7    6
 0.004758696621419369    8    5    7    7
 -0.0009192021311962418    8    5    8    1
 0.002312569153636312    8    5    8    2
 -0.003090957555813772    8    5    8    3
 -0.000200018572770261    8    5    8    4
 0.0006934674400388232    8    5    8    5
 -0.0002356458101674745    8    6    1    1
 -0.002521825314333152    8    6    2    1
 -0.0177795662197795    8    6    2    2
 0.002338663338343396    8    6    3    1
 -0.003140942177318652    8    6    3    2
 0.003263357482376219    8    6    3    3
 -0.0009555533340611824    8    6    4    1
 0.0001495760536089392    8    6    4    2
 0.0002846604265923882    8    6    4    3
 0.001548154961348193    8    6    4    4
 0.002855251356776386    8    6    5    1
 -0.0002407342427774263    8    6    5    2
 -0.000643121818275753    8    6    5    3
 -4.42697500167612e-05    8    6    5    4
 0.004701369191930616    8    6    5    5
 -0.01326841728813556    8    6    6    1
 0.00327384055613033    8    6    6    2
 0.000425067500686487    8    6    6    3
 -0.0002261802710351445    8    6    6    4
 0.0006598209197603015    8    6    6    5
 -0.0002994049769339388    8    6    6    6
 0.0002002840647066314    8    6    7    1
 -0.000324928350412857    8    6    7    2
 -0.0002110988081565304    8    6    7    3
 -0.0001798640454816554    8    6    7    4
 0.000438927580449249    8    6    7    5
 0.001000023407332122    8    6    7    6
 0.001606452990413394    8    6    7    7
 0.0006248905978686059    8    6    8    1
 -0.004442557247688491    8    6    8    2
 0.01500771756587829    8    6    8    3
 0.0002369483188313469    8    6    8    4
 -0.0004435992596065678    8    6    8    5
 0.002534931828723671    8    6    8    6
 0.002374910153801469    8    7    1    1
 -1.090427944303179e-05    8    7    2    1
 0.002614471536808701    8    7    2    2
 -0.0002818699292996866    8    7    3    1
 0.0006480902502517808    8    7    3    2
 -0.001795588979950861    8    7    3    3
 -0.0002818699295617797    8    7    4    1
 0.0001417464340307432    8    7    4    2
 -0.0001353187526675252    8    7    4    3
 -0.001795588995921637    8    7    4    4
 -1.090427944605097e-05    8    7    5    1
 -3.390503277920172e-06    8    7    5    2
 0.000141746433889614    8    7    5    3
 0.0006480902507611343    8    7    5    4
 0.002614471532947464    8    7    5    5
 3.632089209839883e-13    8    7    6    1
 -4.532325033362847e-05    8    7    6    2
 -0.00031993778428639    8    7    6    3
 0.0003199377853354122    8    7    6    4
 4.532324954687543e-05    8    7    6    5
 0.002475046580873784    8    7    6    6
 -0.0003494545677322201    8    7    7    1
 0.0001694239803118851    8    7    7    2
 -5.231474026361084e-06    8    7    7    3
 -0.003076193973921578    8    7    7    4
 0.0009448032667200328    8    7    7    5
 0.0003080100456237029    8    7    7    6
 -0.001902578587213771    8    7    7    7
 -0.0003494545666737464    8    7    8    1
 0.000944803264347209    8    7    8    2
 -0.00307619397197609    8    7    8    3
 -5.231473462712268e-06    8    7    8    4
 0.000169423979715052    8    7    8    5
 -0.0003080100453356676    8    7    8    6
 0.0001435092046188373    8    7    8    7
 0.09383925973665484    8    8    1    1
 -0.01165533652245704    8    8    2    1
 0.2087153300210875    8    8    2    2
 0.004164877944552366    8    8    3    1
 0.004517437083278697    8    8    3    2
 0.5301849315109274    8    8    3    3
 0.001625350448728572    8    8    4    1
 -0.002997669738160107    8    8    4    2
 0.002003031502751072    8    8    4    3
 0.04325428346755259    8    8    4    4
 -0.003219869493122288    8    8    5    1
 0.006037259240791166    8    8    5    2
 -0.003394131667247217    8    8    5    3
 -0.001000203064946922    8    8    5    4
 0.05918933925042966    8    8    5    5
 0.01383546832075515    8    8    6    1
 -0.02192441016274471    8    8    6    2
 0.02509502893802202    8    8    6    3
 0.003333549297612459    8    8    6    4
 -0.007083395540954654    8    8    6    5
 0.09470390602423902    8    8    6    6
 -0.003329144131039715    8    8    7    1
 0.004758696616840027    8    8    7    2
 -0.005565019972150185    8    8    7    3
 -0.002920522092126425    8    8    7    4
 0.003027924977321755    8    8    7    5
 -0.001606452989257575    8    8    7    6
 0.04329296355951356    8    8    7    7
 0.02512063993734441    8    8    8    1
 -0.05838200788365139    8    8    8    2
 -0.007559791721751903    8    8    8    3
 0.005620868463345678    8    8    8    4
 -0.01206981047268751    8    8    8    5
 0.003459321396621824    8    8    8    6
 -0.001902578570452678    8    8    8    7
 0.5555822265284462    8    8    8    8
 0.05988364904976552    9    1    1    1
 0.0006645119794131275    9    1    2    1
 -0.05640684103793769    9    1    2    2
 0.002954281981858853    9    1    3    1
 -0.003884289325764046    9    1    3    2
 -0.02107669168648926    9    1    3    3
 -0.0004414584590877941    9    1    4    1
 0.00146822055519126    9    1    4    2
 1.599611063906854e-05    9    1    4    3
 0.006960777714229515    9    1    4    4
 0.002916207373696685    9    1    5    1
 -0.003361776556259674    9    1    5    2
 -4.671784053104676e-05    9    1    5    3
 -0.0007066627782557581    9    1    5    4
 0.01900720540989545    9    1    5    5
 -0.003411116394430817    9    1    6    1
 0.0222873052030253    9    1    6    2
 -0.004125713520255099    9    1    6    3
 0.002892240145467688    9    1    6    4
 -0.008115027714112596    9    1    6    5
 0.06113443347984649    9    1    6    6
 -0.003028631263561573    9    1    7    1
 -0.001776287313847105    9    1    7    2
 7.848379646764406e-05    9    1    7    3
 -0.000994092153355189    9    1    7    4
 0.001860897827767023    9    1    7    5
 0.0005223030157795082    9    1    7    6
 0.007110929784900853    9    1    7    7
 -0.004163263782841609    9    1    8    1
 -0.007728671544020614    9    1    8    2
 0.003870412448650738    9    1    8    3
 -8.734557373501047e-05    9    1    8    4
 0.0003666163968720347    9    1    8    5
 0.002788643039268883    9    1    8    6
 6.588359927881229e-07    9    1    8    7
 -0.02209191907439574    9    1    8    8
 0.02447595389316647    9    1    9    1
 -0.04347556383178    9    2    1    1
 -0.04199145446174131    9    2    2    1
 -0.005583416086353294    9    2    2    2
 -0.0003482182657474234    9    2    3    1
 0.03958730091452461    9    2    3    2
 0.05005365068408849    9    2    3    3
 -0.0006156530708933543    9    2    4    1
 -0.005926426683408538    9    2    4    2
 -0.0001748941501908469    9    2    4    3
 -0.005677446853672735    9    2    4    4
 0.001342346870940253    9    2    5    1
 0.01449495193141538    9    2    5    2
 0.00029870485974902    9    2    5    3
 0.0003240655589353631    9    2    5    4
 -0.0127100726332458    9    2    5    5
 -0.008147007591485263    9    2    6    1
 -0.005010758279854189    9    2    6    2
 -0.001866609977954279    9    2    6    3
 -0.001389635130526209    9    2    6    4
 0.003679465685951229    9    2    6    5
 -0.04737298216426582    9    2    6    6
 0.001267043382344623    9    2    7    1
 0.001940673428954736    9    2    7    2
 0.0003975501791968733    9    2    7    3
 0.0006800857919213291    9    2    7    4
 -0.0009560864457646798    9    2    7    5
 0.0006609834406921156    9    2    7    6
 -0.005744651751569347    9    2    7    7
 -0.00183576387075532    9    2    8    1
 -0.001826675713511885    9    2    8    2
 -0.009477962912174041    9    2    8    3
 -0.0003869547029523299    9    2    8    4
 0.0008850489243275896    9    2    8    5
 -0.0002969886127621408    9    2    8    6
 0.0001984449585862398    9    2    8    7
 0.05369748811666424    9    2    8    8
 -0.006533953608752343    9    2    9    1
 0.2065904512614128    9    2    9    2
 0.01753204134792963    9    3    1    1
 0.002143793081133547    9    3    2    1
 0.05636628504070953    9    3    2    2
 -0.004194046052946276    9    3    3    1
 0.00470304721216005    9    3    3    2
 -0.05959395600057787    9    3    3    3
 0.0004385863834345102    9    3    4    1
 -7.106855385148815e-05    9    3    4    2
 -0.0009234352682312331    9    3    4    3
 0.003004220364886726    9    3    4    4
 -0.0009155361620549512    9    3    5    1
 -0.0001820920301153385    9    3    5    2
 0.001966985518817032    9    3    5    3
 -0.000232987662506393    9    3    5    4
 0.006214788746343626    9    3    5    5
 0.003641986230732633    9    3    6    1
 -0.007785212463833158    9    3    6    2
 -0.005128830481956833    9    3    6    3
 0.0008043580108093891    9    3    6    4
 -0.001935732779258387    9    3    6    5
 0.01845832527498167    9    3    6    6
 -0.000788427619007426    9    3    7    1
 0.001237514621267354    9    3    7    2
 0.001042143740629871    9    3    7    3
 -0.0003840214722829702    9    3    7    4
 0.0005647554054266319    9    3    7    5
 -0.0004318163967660281    9    3    7    6
 0.003031933152792704    9    3    7    7
 -0.004961013133228049    9    3    8    1
 0.02114605173033559    9    3    8    2
 -0.009082888078912043    9    3    8    3
 -0.0009925726329666435    9    3    8    4
 0.002168212004616347    9    3    8    5
 -0.003897103577010062    9    3    8    6
 0.0008485370624248992    9    3    8    7
 -0.06056068264346859    9    3    8    8
 -0.007821378612006479    9    3    9    1
 -0.002833340527134234    9    3    9    2
 0.02364801242177231    9    3    9    3
 -0.0008806994136667818    9    4    1    1
 0.0004965781973471829    9    4    2    1
 -0.01045535464746467    9    4    2    2
 0.0003029756818619019    9    4    3    1
 -0.0007242998934454177    9    4    3    2
 -0.004640824449234237    9    4    3    3
 0.0004265218183409453    9    4    4    1
 -9.201492640357201e-05    9    4    4    2
 0.0001620950282266251    9    4    4    3
 0.01171721430430059    9    4    4    4
 2.416491622894758e-06    9    4    5    1
 -0.0002584276028439253    9    4    5    2
 -0.0001253068593162786    9    4    5    3
 -0.0009621773802728501    9    4    5    4
 0.0006362518982142427    9    4    5    5
 0.0008552713347768617    9    4    6    1
 0.001869638630746507    9    4    6    2
 -0.0001004462107981219    9    4    6    3
 -0.0008876800522038432    9    4    6    4
 0.0003770590974121694    9    4    6    5
 -0.0009077698722440015    9    4    6    6
 0.0008510639888586252    9    4    7    1
 -0.0006661428867379918    9    4    7    2
 0.0001890719036157957    9    4    7    3
 0.002889359009864466    9    4    7    4
 -0.002069024640466301    9    4    7    5
 -0.000385794692462692    9    4    7    6
 0.01199195214850338    9    4    7    7
 -8.197906797539704e-05    9    4    8    1
 -0.001279026794438985    9    4    8    2
 0.0006927860481096746    9    4    8    3
 -0.0001920443896933455    9    4    8    4
 7.044324131527376e-05    9    4    8    5
 0.0003095248001009993    9    4    8    6
 -0.0001553426189415319    9    4    8    7
 -0.004833015479199414    9    4    8    8
 0.002005186873923512    9    4    9    1
 -0.002079042722616109    9    4    9    2
 -0.001278593327679314    9    4    9    3
 0.0006948919480178247    9    4    9    4
 -0.0007201945739788479    9    5    1    1
 -0.0007414057586138291    9    5    2    1
 0.02398626836896441    9    5    2    2
 -0.000832032555539722    9    5    3    1
 0.001564478064921211    9    5    3    2
 0.009926400972941217    9    5    3    3
 0.0007579741855817795    9    5    4    1
 -0.0005680900832578507    9    5    4    2
 -5.44794300048771e-06    9    5    4    3
 -0.009720663532041549    9    5    4    4
 0.0008828483188402427    9    5    5    1
 -8.700720275416206e-06    9    5    5    2
 0.000584829135916171    9    5    5    3
 -0.001452466822104756    9    5    5    4
 -0.02435108016164028    9    5    5    5
 -0.001884773384178818    9    5    6    1
 -0.004809046968127235    9    5    6    2
 0.0003809450884136944    9    5    6    3
 0.0003513362754024389    9    5    6    4
 -0.00490719817882255    9    5    6    5
 -0.0008733000727781984    9    5    6    6
 -0.0002110676064088941    9    5    7    1
 0.0007403563854640786    9    5    7    2
 -5.633230890634023e-05    9    5    7    3
 0.001450317858006023    9    5    7    4
 -0.003200440331128262    9    5    7    5
 -0.000895585070212863    9    5    7    6
 -0.01022226834480218    9    5    7    7
 0.0003383850262452827    9    5    8    1
 0.003037872735056926    9    5    8    2
 -0.001591510801389734    9    5    8    3
 6.45593947753774e-05    9    5    8    4
 -0.0007696435696256741    9    5    8    5
 -0.0008528110016804842    9    5    8    6
 -7.594860684146577e-06    9    5    8    7
 0.01035759471171294    9    5    8    8
 -0.005146913202768398    9    5    9    1
 0.003865999912667777    9    5    9    2
 0.003049025804760668    9    5    9    3
 -0.0008112798913785085    9    5    9    4
 0.00335824061538504    9    5    9    5
 0.01888015221804265    9    6    1    1
 0.01648573665487292    9    6    2    1
 0.01686363704128213    9    6    2    2
 -0.002694831180436166    9    6    3    1
 -0.008022806969976449    9    6    3    2
 -0.01022849865971616    9    6    3    3
 0.002954058087792543    9    6    4    1
 0.001225349537168315    9    6    4    2
 -3.9264017482681e-05    9    6    4    3
 -0.002918518885857588    9    6    4    4
 -0.008490432150878748    9    6    5    1
 -0.003170168910845412    9    6    5    2
 0.0001642840385356941    9    6    5    3
 -5.022859456399261e-05    9    6    5    4
 -0.009095906989172618    9    6    5    5
 0.04326477159544381    9    6    6    1
 -0.0001026454537964363    9    6    6    2
 0.0003037966328556467    9    6    6    3
 0.001518539847017012    9    6    6    4
 -0.004279333591097613    9    6    6    5
 0.02064048425661509    9    6    6    6
 -0.00142385602232798    9    6    7    1
 -0.0003742537179394394    9    6    7    2
 4.541544222534601e-05    9    6    7    3
 0.0003105416160534469    9    6    7    4
 -0.0008089661237192639    9    6    7    5
 -0.003089770145200807    9    6    7    6
 -0.003043706033667403    9    6    7    7
 6.205015236869532e-06    9    6    8    1
 0.002800438347147723    9    6    8    2
 0.001197216908059576    9    6    8    3
 -5.883499959317092e-05    9    6    8    4
 2.905566944284792e-05    9    6    8    5
 -0.003036769411369328    9    6    8    6
 4.72668423641594e-05    9    6    8    7
 -0.01088188740661872    9    6    8    8
 0.002333090444182888    9    6    9    1
 -0.04388643563121523    9    6    9    2
 0.003132953690326016    9    6    9    3
 0.0005132436587567627    9    6    9    4
 -0.0007767625387774923    9    6    9    5
 0.01933009126759525    9    6    9    6
 -0.006367205732158324    9    7    1    1
 -0.001200282915862655    9    7    2    1
 0.001634674911553302    9    7    2    2
 -0.0001366081925041696    9    7    3    1
 0.001253713600309693    9    7    3    2
 0.002855998503546827    9    7    3    3
 0.0006289154858557048    9    7    4    1
 -0.0005443198027725353    9    7    4    2
 0.0001448690299621534    9    7    4    3
 0.002956126834812407    9    7    4    4
 -1.54825050935673e-05    9    7    5    1
 0.0005352473463742059    9    7    5    2
 1.856293954717514e-05    9    7    5    3
 -0.001411619633768373    9    7    5    4
 -0.006498652052621293    9    7    5    5
 -0.0002241842602830704    9    7    6    1
 -0.001446597291369481    9    7    6    2
 0.0003046395667695909    9    7    6    3
 -0.0006875160680352936    9    7    6    4
 -7.741218090516618e-05    9    7    6    5
 -0.006643869520523973    9    7    6    6
 0.0007564487938777683    9    7    7    1
 -0.0001093784145790463    9    7    7    2
 0.0001115608771162262    9    7    7    3
 0.006785273873497591    9    7    7    4
 -0.002023037158917882    9    7    7    5
 -0.0006913346889604126    9    7    7    6
 0.003137807414183961    9    7    7    7
 0.0003096880549007895    9    7    8    1
 8.058666906362147e-05    9    7    8    2
 -0.0003814836727642384    9    7    8    3
 -9.989664410984405e-05    9    7    8    4
 -0.000134559704098651    9    7    8    5
 -0.0001273926542268625    9    7    8    6
 -0.0001537509969917433    9    7    8    7
 0.003016335157459529    9    7    8    8
 -0.001643041244820945    9    7    9    1
 0.006032856113773327    9    7    9    2
 2.780623002148712e-05    9    7    9    3
 6.684448969442399e-05    9    7    9    4
 0.0006242117249345018    9    7    9    5
 -0.001391110549983061    9    7    9    6
 0.0005810503316088885    9    7    9    7
 -0.007467645552242064    9    8    1    1
 -0.008020928125912517    9    8    2    1
 0.01972790282748147    9    8    2    2
 -0.003253469066655688    9    8    3    1
 0.01520996230168363    9    8    3    2
 0.01070260749560519    9    8    3    3
 8.593538836078006e-06    9    8    4    1
 -0.001312887424150613    9    8    4    2
 -0.0006469414073685582    9    8    4    3
 -0.0009115171729801475    9    8    4    4
 -7.2498864247309e-05    9    8    5    1
 0.003084084980576604    9    8    5    2
 0.001421709074552176    9    8    5    3
 3.403006314917514e-05    9    8    5    4
 -0.00236893144429382    9    8    5    5
 -0.000874101248329585    9    8    6    1
 -0.004515859429820244    9    8    6    2
 -0.001192671211058455    9    8    6    3
 -0.0002397971424414322    9    8    6    4
 0.0006356024791630874    9    8    6    5
 -0.008042828370122676    9    8    6    6
 0.0002332046342930159    9    8    7    1
 0.0008328176150597082    9    8    7    2
 0.0003734361520263789    9    8    7    3
 0.0001022949968827727    9    8    7    4
 -0.0002073027344050055    9    8    7    5
 -1.463192250751934e-05    9    8    7    6
 -0.0009376773305703693    9    8    7    7
 -0.001638313024465494    9    8    8    1
 0.005313799901187617    9    8    8    2
 -0.04437808911862715    9    8    8    3
 -0.0004589702727620855    9    8    8    4
 0.000916432325916305    9    8    8    5
 -0.003688437116364257    9    8    8    6
 0.0007343574221300621    9    8    8    7
 0.01166853180409834    9    8    8    8
 -0.004923017099865562    9    8    9    1
 0.0408843227878342    9    8    9    2
 0.002860274360449613    9    8    9    3
 -0.000882808789103497    9    8    9    4
 0.001933614271917013    9    8    9    5
 -0.008461489806303797    9    8    9    6
 0.001369855075603681    9    8    9    7
 0.01799413148905432    9    8    9    8
 0.2081816676776675    9    9    1    1
 0.01153097602064999    9    9    2    1
 0.5102610221874062    9    9    2    2
 -0.01716134126677181    9    9    3    1
 0.01522093241406527    9    9    3    2
 0.2099313057502181    9    9    3    3
 0.00500314839300224    9    9    4    1
 -0.001928220999548649    9    9    4    2
 -0.002585121638567369    9    9    4    3
 0.05923434532161986    9    9    4    4
 -0.01056745206863314    9    9    5    1
 0.001393583074625434    9    9    5    2
 0.006442640140575755    9    9    5    3
 -0.002678702359187162    9    9    5    4
 0.09400459016405459    9    9    5    5
 0.04930675342528135    9    9    6    1
 -0.06059977074099531    9    9    6    2
 -0.0008867746199595182    9    9    6    3
 0.008753058992029435    9    9    6    4
 -0.02041817993723415    9    9    6    5
 0.2156525586683306    9    9    6    6
 -0.008639700062049881    9    9    7    1
 0.01084169011176664    9    9    7    2
 -0.0003789916753501104    9    9    7    3
 -0.005365463876469945    9    9    7    4
 0.006337647126557828    9    9    7    5
 -0.005013630602099296    9    9    7    6
 0.05938021011916859    9    9    7    7
 -0.002613270957938287    9    9    8    1
 0.05988000049529311    9    9    8    2
 -0.0459169056961897    9    9    8    3
 0.0001834715242810001    9    9    8    4
 -0.0001817255019642084    9    9    8    5
 -0.01848784691388302    9    9    8    6
 0.002720438461516199    9    9    8    7
 0.2164734356440918    9    9    8    8
 -0.0592821174272158    9    9    9    1
 -0.004948624342817377    9    9    9    2
 0.05936042359398622    9    9    9    3
 -0.01101341356327266    9    9    9    4
 0.02531192015676131    9    9    9    5
 0.01832322357017806    9    9    9    6
 0.001745854656745889    9    9    9    7
 0.0216383734115477    9    9    9    8
 0.5366004563099743    9    9    9    9
 0.05988364905135333   10    1    1    1
 0.00291620737431398   10    1    2    1
 0.01900720540999078   10    1    2    2
 -0.0004414584592923378   10    1    3    1
 -0.0007066627782520226   10    1    3    2
 0.006960777713118949   10    1    3    3
 0.002954281982077066   10    1    4    1
 -4.671784049905831e-05   10    1    4    2
 1.599611062541749e-05   10    1    4    3
 -0.02107669168634669   10    1    4    4
 0.0006645119788477001   10    1    5    1
 -0.003361776556317423   10    1    5    2
 0.001468220555220148   10    1    5    3
 -0.003884289325768598   10    1    5    4
 -0.05640684103807618   10    1    5    5
 0.003411116396910436   10    1    6    1
 0.008115027714568393   10    1    6    2
 -0.002892240145646516   10    1    6    3
 0.004125713520445001   10    1    6    4
 -0.02228730520316807   10    1    6    5
 0.06113443348150324   10    1    6    6
 -0.004163263783509837   10    1    7    1
 0.0003666163971522682   10    1    7    2
 -8.734557386519641e-05   10    1    7    3
 0.003870412448759976   10    1    7    4
 -0.007728671544522674   10    1    7    5
 -0.002788643038646673   10    1    7    6
 -0.02209191907426963   10    1    7    7
 -0.003028631262407305   10    1    8    1
 0.001860897827792736   10    1    8    2
 -0.0009940921535129869   10    1    8    3
 7.848379600723273e-05   10    1    8    4
 -0.001776287314045018   10    1    8    5
 -0.0005223030153378565   10    1    8    6
 6.588367745289071e-07   10    1    8    7
 0.007110929783565628   10    1    8    8
 0.009018018401175953   10    1    9    1
 -0.003355178982996645   10    1    9    2
 0.001901695448130612   10    1    9    3
 -0.0003155501754923209   10    1    9    4
 0.004482855381328549   10    1    9    5
 0.003891633451964114   10    1    9    6
 -4.970832099948834e-05   10    1    9    7
 -0.0006504085762599334   10    1    9    8
 0.0202841447196368   10    1    9    9
 0.02447595389372601   10    1   10    1
 -0.0007201945743680124   10    2    1    1
 0.0008828483182896143   10    2    2    1
 -0.02435108016515486   10    2    2    2
 0.0007579741857850147   10    2    3    1
 -0.001452466821849196   10    2    3    2
 -0.009720663529274767   10    2    3    3
 -0.0008320325555779363   10    2    4    1
 0.0005848291358740299   10    2    4    2
 -5.447942965080999e-06   10    2    4    3
 0.009926400972795324   10    2    4    4
 -0.0007414057585038976   10    2    5    1
 -8.700720163611482e-06   10    2    5    2
 -0.0005680900833346689   10    2    5    3
 0.001564478064921009   10    2    5    4
 0.0239862683688214   10    2    5    5
 0.001884773383870053   10    2    6    1
 0.004907198179557039   10    2    6    2
 -0.0003513362752467968   10    2    6    3
 -0.000380945088456409   10    2    6    4
 0.004809046968074554   10    2    6    5
 -0.0008733000732949855   10    2    6    6
 0.0003383850260844965   10    2    7    1
 -0.0007696435695987665   10    2    7    2
 6.455939491797291e-05   10    2    7    3
 -0.001591510801440415   10    2    7    4
 0.003037872735261686   10    2    7    5
 0.0008528110015839025   10    2    7    6
 0.01035759471161784   10    2    7    7
 -0.0002110676064545129   10    2    8    1
 -0.003200440332086286   10    2    8    2
 0.001450317858376529   10    2    8    3
 -5.633230867701001e-05   10    2    8    4
 0.0007403563854849615   10    2    8    5
 0.0008955850705822171   10    2    8    6
 -7.594861238847271e-06   10    2    8    7
 -0.01022226834183168   10    2    8    8
 0.0044828553820277   10    2    9    1
 -0.00354713306121273   10    2    9    2
 -0.002960850749380164   10    2    9    3
 0.0007639282492029317   10    2    9    4
 -0.003213743589362099   10    2    9    5
 0.0004021092104021134   10    2    9    6
 -0.0005618574016589916   10    2    9    7
 -0.00181704404469619   10    2    9    8
 -0.02505808336315645   10    2    9    9
 -0.005146913202671291   10    2   10    1
 0.003358240615723687   10    2   10    2
 -0.0008806994132828428   10    3    1    1
 2.416491588483907e-06   10    3    2    1
 0.0006362519007121723   10    3    2    2
 0.0004265218176558389   10    3    3    1
 -0.0009621773783778836   10    3    3    2
 0.01171721430431952   10    3    3    3
 0.0003029756818795175   10    3    4    1
 -0.0001253068593371929   10    3    4    2
 0.0001620950280879842   10    3    4    3
 -0.004640824449092581   10    3    4    4
 0.0004965781973021035   10    3    5    1
 -0.0002584276028006227   10    3    5    2
 -9.201492609761074e-05   10    3    5    3
 -0.0007242998934508108   10    3    5    4
 -0.01045535464726156   10    3    5    5
 -0.0008552713346489549   10    3    6    1
 -0.0003770590976817946   10    3    6    2
 0.0008876800519543817   10    3    6    3
 0.0001004462108175515   10    3    6    4
 -0.001869638630719819   10    3    6    5
 -0.0009077698718420426   10    3    6    6
 -8.197906795949832e-05   10    3    7    1
 7.044324132840454e-05   10    3    7    2
 -0.0001920443894142732   10    3    7    3
 0.0006927860481177395   10    3    7    4
 -0.001279026794497647   10    3    7    5
 -0.0003095248000468454   10    3    7    6
 -0.004833015479078368   10    3    7    7
 0.0008510639886775178   10    3    8    1
 -0.002069024639844139   10    3    8    2
 0.002889359000135182   10    3    8    3
 0.0001890719034597158   10    3    8    4
 -0.0006661428866541297   10    3    8    5
 0.0003857946916154853   10    3    8    6
 -0.0001553426182367733   10    3    8    7
 0.01199195214849618   10    3    8    8
 -0.0003155501758652487   10    3    9    1
 -0.0009275166597978317   10    3    9    2
 -0.002275855678666154   10    3    9    3
 -7.236702247876683e-05   10    3    9    4
 0.0007639282492556343   10    3    9    5
 1.811940360248844e-05   10    3    9    6
 0.0001268123675210713   10    3    9    7
 -0.0007334120053180205   10    3    9    8
 0.0006838701103244806   10    3    9    9
 0.002005186873883266   10    3   10    1
 -0.0008112798914052031   10    3   10    2
 0.0006948919477322145   10    3   10    3
 0.01753204134823349   10    4    1    1
 -0.0009155361620259306   10    4    2    1
 0.006214788746323319   10    4    2    2
 0.000438586383419287   10    4    3    1
 -0.0002329876624994936   10    4    3    2
 0.00300422036463527   10    4    3    3
 -0.004194046052853728   10    4    4    1
 0.001966985518798152   10    4    4    2
 -0.0009234352682207149   10    4    4    3
 -0.05959395600060955   10    4    4    4
 0.00214379308113639   10    4    5    1
 -0.0001820920301402236   10    4    5    2
 -7.106855384502088e-05   10    4    5    3
 0.004703047211995901   10    4    5    4
 0.05636628504056811   10    4    5    5
 -0.003641986230502815   10    4    6    1
 0.001935732779262882   10    4    6    2
 -0.0008043580108156522   10    4    6    3
 0.0051288304817232   10    4    6    4
 0.00778521246359486   10    4    6    5
 0.01845832527532135   10    4    6    6
 -0.004961013133341514   10    4    7    1
 0.002168212004669841   10    4    7    2
 -0.0009925726329977891   10    4    7    3
 -0.009082888077955271   10    4    7    4
 0.02114605173056536   10    4    7    5
 0.00389710357785203   10    4    7    6
 -0.0605606826432128   10    4    7    7
 -0.0007884276192528931   10    4    8    1
 0.0005647554055485081   10    4    8    2
 -0.0003840214723801176   10    4    8    3
 0.001042143742021941   10    4    8    4
 0.001237514620506816   10    4    8    5
 0.0004318163966447337   10    4    8    6
 0.0008485370647432116   10    4    8    7
 0.003031933152481358   10    4    8    8
 0.001901695448023232   10    4    9    1
 -0.0009523141489348792   10    4    9    2
 0.0005633815389531025   10    4    9    3
 -0.002275855679259593   10    4    9    4
 -0.002960850748298564   10    4    9    5
 -0.0007946441233523015   10    4    9    6
 -0.001803938574024424   10    4    9    7
 -0.0002003624401174195   10    4    9    8
 0.006327348075390517   10    4    9    9
 -0.0078213786119545   10    4   10    1
 0.003049025804757907   10    4   10    2
 -0.001278593327673175   10    4   10    3
 0.02364801242170627   10    4   10    4
 -0.04347556383266624   10    5    1    1
 0.001342346870881886   10    5    2    1
 -0.01271007263323217   10    5    2    2
 -0.0006156530708597978   10    5    3    1
 0.0003240655589255207   10    5    3    2
 -0.005677446853141221   10    5    3    3
 -0.0003482182658121096   10    5    4    1
 0.0002987048597366385   10    5    4    2
 -0.0001748941501894764   10    5    4    3
 0.05005365068387843   10    5    4    4
 -0.04199145446173676   10    5    5    1
 0.01449495193144937   10    5    5    2
 -0.005926426683414571   10    5    5    3
 0.03958730091453019   10    5    5    4
 -0.005583416085966854   10    5    5    5
 0.008147007591497559   10    5    6    1
 -0.003679465686219154   10    5    6    2
 0.001389635130649398   10    5    6    3
 0.001866609978072354   10    5    6    4
 0.005010758277056938   10    5    6    5
 -0.04737298216653051   10    5    6    6
 -0.001835763870412902   10    5    7    1
 0.0008850489241859151   10    5    7    2
 -0.0003869547028750293   10    5    7    3
 -0.009477962912139246   10    5    7    4
 -0.001826675713892564   10    5    7    5
 0.0002969886108414611   10    5    7    6
 0.0536974881161903   10    5    7    7
 0.00126704338227953   10    5    8    1
 -0.0009560864457518164   10    5    8    2
 0.0006800857919854229   10    5    8    3
 0.0003975501794211699   10    5    8    4
 0.001940673438198021   10    5    8    5
 -0.0006609834392895973   10    5    8    6
 0.0001984449583432701   10    5    8    7
 -0.005744651750501705   10    5    8    8
 -0.003355178983076713   10    5    9    1
 0.001572538263403404   10    5    9    2
 -0.000952314148995383   10    5    9    3
 -0.0009275166601732546   10    5    9    4
 -0.00354713306367971   10    5    9    5
 0.001079047658626672   10    5    9    6
 -0.0003654558213742199   10    5    9    7
 0.000251568124570171   10    5    9    8
 -0.01301655815489718   10    5    9    9
 -0.006533953608937927   10    5   10    1
 0.00386599991266453   10    5   10    2
 -0.002079042722638992   10    5   10    3
 -0.002833340527061958   10    5   10    4
 0.2065904512612979   10    5   10    5
 -0.01888015221345664   10    6    1    1
 0.008490432151499163   10    6    2    1
 0.009095906991976778   10    6    2    2
 -0.002954058087998876   10    6    3    1
 5.022859457023142e-05   10    6    3    2
 0.002918518886176169   10    6    3    3
 0.002694831180790005   10    6    4    1
 -0.0001642840385484543   10    6    4    2
 3.926401747402093e-05   10    6    4    3
 0.01022849865779435   10    6    4    4
 -0.01648573665499843   10    6    5    1
 0.003170168910519606   10    6    5    2
 -0.001225349536994383   10    6    5    3
 0.008022806969482283   10    6    5    4
 -0.0168636370462924   10    6    5    5
 0.04326477159730193   10    6    6    1
 -0.004279333590683981   10    6    6    2
 0.00151853984676862   10    6    6    3
 0.0003037966332755226   10    6    6    4
 -0.0001026454563331983   10    6    6    5
 -0.02064048425242945   10    6    6    6
 -6.205014835121908e-06   10    6    7    1
 -2.905566938772828e-05   10    6    7    2
 5.883499957781259e-05   10    6    7    3
 -0.001197216907101076   10    6    7    4
 -0.002800438347984771   10    6    7    5
 -0.00303676941280524   10    6    7    6
 0.01088188740444488   10    6    7    7
 0.001423856022447402   10    6    8    1
 0.000808966124133679   10    6    8    2
 -0.0003105416168991264   10    6    8    3
 -4.541544233059407e-05   10    6    8    4
 0.0003742537198480107   10    6    8    5
 -0.003089770144727859   10    6    8    6
 -4.726684232994926e-05   10    6    8    7
 0.00304370603403835   10    6    8    8
 -0.003891633450820963   10    6    9    1
 -0.001079047659501838   10    6    9    2
 0.0007946441237945972   10    6    9    3
 -1.81194036458045e-05   10    6    9    4
 -0.0004021092106300564   10    6    9    5
 0.008974603946447675   10    6    9    6
 0.0001754228001156446   10    6    9    7
 0.0001848675670079789   10    6    9    8
 0.009747627995953566   10    6    9    9
 -0.00233309044174819   10    6   10    1
 0.0007767625382061721   10    6   10    2
 -0.0005132436585725307   10    6   10    3
 -0.003132953690990648   10    6   10    4
 0.04388643563029213   10    6   10    5
 0.01933009126787862   10    6   10    6
 -0.007467645554114398   10    7    1    1
 -7.249886431631788e-05   10    7    2    1
 -0.002368931444679274   10    7    2    2
 8.593538829768727e-06   10    7    3    1
 3.403006322744488e-05   10    7    3    2
 -0.0009115171725645965   10    7    3    3
 -0.003253469066580677   10    7    4    1
 0.001421709074483312   10    7    4    2
 -0.0006469414073412296   10    7    4    3
 0.01070260749734296   10    7    4    4
 -0.008020928126320086   10    7    5    1
 0.003084084980766505   10    7    5    2
 -0.001312887424217455   10    7    5    3
 0.01520996230190595   10    7    5    4
 0.01972790282632257   10    7    5    5
 0.0008741012488455074   10    7    6    1
 -0.0006356024794558247   10    7    6    2
 0.000239797142572461   10    7    6    3
 0.001192671211354173   10    7    6    4
 0.004515859429263374   10    7    6    5
 -0.008042828372421157   10    7    6    6
 -0.00163831302421519   10    7    7    1
 0.0009164323258431476   10    7    7    2
 -0.0004589702727269593   10    7    7    3
 -0.0443780891185049   10    7    7    4
 0.005313799900710211   10    7    7    5
 0.003688437115782113   10    7    7    6
 0.01166853180607917   10    7    7    7
 0.0002332046342530336   10    7    8    1
 -0.0002073027344837786   10    7    8    2
 0.0001022949971965327   10    7    8    3
 0.0003734361536501008   10    7    8    4
 0.0008328176167162391   10    7    8    5
 1.463192264420944e-05   10    7    8    6
 0.000734357422501814   10    7    8    7
 -0.0009376773300549671   10    7    8    8
 -0.0006504085765433132   10    7    9    1
 0.0002515681253089964   10    7    9    2
 -0.000200362440245639   10    7    9    3
 -0.0007334120072637012   10    7    9    4
 -0.001817044044847627   10    7    9    5
 -0.0001848675670669437   10    7    9    6
 -0.001618667172026412   10    7    9    7
 1.13809968368695e-05   10    7    9    8
 -0.002483974774545925   10    7    9    9
 -0.00492301710003045   10    7   10    1
 0.001933614271901461   10    7   10    2
 -0.000882808789097113   10    7   10    3
 0.002860274359772436   10    7   10    4
 0.04088432278941984   10    7   10    5
 0.008461489806190286   10    7   10    6
 0.01799413148955194   10    7   10    7
 -0.006367205727063171   10    8    1    1
 -1.54825050710666e-05   10    8    2    1
 -0.006498652057546642   10    8    2    2
 0.0006289154858601973   10    8    3    1
 -0.001411619633963665   10    8    3    2
 0.002956126814174368   10    8    3    3
 -0.0001366081932137869   10    8    4    1
 1.856293990396956e-05   10    8    4    2
 0.0001448690297775895   10    8    4    3
 0.002855998510659946   10    8    4    4
 -0.001200282915066128   10    8    5    1
 0.0005352473461210761   10    8    5    2
 -0.0005443198026667893   10    8    5    3
 0.00125371360059231   10    8    5    4
 0.001634674930718238   10    8    5    5
 0.0002241842577393941   10    8    6    1
 7.741218278233566e-05   10    8    6    2
 0.0006875160664858659   10    8    6    3
 -0.0003046395669160444   10    8    6    4
 0.001446597294134416   10    8    6    5
 -0.006643869515195604   10    8    6    6
 0.0003096880550256344   10    8    7    1
 -0.0001345597043976389   10    8    7    2
 -9.98966435214754e-05   10    8    7    3
 -0.0003814836731954785   10    8    7    4
 8.058667139238573e-05   10    8    7    5
 0.0001273926548741467   10    8    7    6
 0.003016335164817154   10    8    7    7
 0.0007564487922984757   10    8    8    1
 -0.002023037156004995   10    8    8    2
 0.006785273873287475   10    8    8    3
 0.0001115608768471565   10    8    8    4
 -0.0001093784133068765   10    8    8    5
 0.0006913346889549663   10    8    8    6
 -0.0001537509966646194   10    8    8    7
 0.00313780739250827   10    8    8    8
 -4.970831911284455e-05   10    8    9    1
 -0.0003654558239287414   10    8    9    2
 -0.00180393857108893   10    8    9    3
 0.0001268123677622996   10    8    9    4
 -0.000561857403205802   10    8    9    5
 -0.0001754228000768864   10    8    9    6
 -1.228180577314296e-05   10    8    9    7
 -0.001618667172572128   10    8    9    8
 -0.006772012799079154   10    8    9    9
 -0.001643041247648471   10    8   10    1
 0.0006242117265271538   10    8   10    2
 6.684448838649474e-05   10    8   10    3
 2.780623238223658e-05   10    8   10    4
 0.00603285611286824   10    8   10    5
 0.001391110548735002   10    8   10    6
 0.001369855076153402   10    8   10    7
 0.0005810503314005733   10    8   10    8
 0.01897154725473112   10    9    1    1
 0.003014348081174213   10    9    2    1
 -0.0007626836518776776   10    9    2    2
 0.0002345596416054474   10    9    3    1
 -0.002986984476818264   10    9    3    2
 -0.005732479264339418   10    9    3    3
 0.0002345596418198743   10    9    4    1
 0.0005540488575797257   10    9    4    2
 -1.831349809691605e-05   10    9    4    3
 -0.005732479265495734   10    9    4    4
 0.00301434808018862   10    9    5    1
 -0.002571119442534445   10    9    5    2
 0.000554048857542074   10    9    5    3
 -0.002986984476246932   10    9    5    4
 -0.0007626836562422979   10    9    5    5
 1.221049969886667e-12   10    9    6    1
 0.003420864185839421   10    9    6    2
 -0.0008241501537319295   10    9    6    3
 0.0008241501538971491   10    9    6    4
 -0.003420864186471856   10    9    6    5
 0.01975768326856981   10    9    6    6
 -0.0008549655151518743   10    9    7    1
 -0.0002330845791037139   10    9    7    2
 -1.230292896702358e-06   10    9    7    3
 0.0007699366311874547   10    9    7    4
 0.0001752177162017304   10    9    7    5
 -0.0002006331840508368   10    9    7    6
 -0.006073090358821764   10    9    7    7
 -0.0008549655147586094   10    9    8    1
 0.0001752177166373975   10    9    8    2
 0.0007699366326682774   10    9    8    3
 -1.230292858334693e-06   10    9    8    4
 -0.0002330845799295878   10    9    8    5
 0.000200633184045924   10    9    8    6
 1.736351409765947e-05   10    9    8    7
 -0.006073090357715439   10    9    8    8
 0.003958748664947752   10    9    9    1
 -0.01477453062281075   10    9    9    2
 0.0003037397204390856   10    9    9    3
 0.0002796139407479212   10    9    9    4
 -0.000105502068735887   10    9    9    5
 0.003571721656600839   10    9    9    6
 -0.0005940798098102172   10    9    9    7
 -0.003231280304205299   10    9    9    8
 -0.0008127389383067933   10    9    9    9
 0.0039587486658076   10    9   10    1
 -0.0001055020692812242   10    9   10    2
 0.0002796139408285391   10    9   10    3
 0.0003037397199017267   10    9   10    4
 -0.01477453062049695   10    9   10    5
 -0.003571721655138528   10    9   10    6
 -0.003231280303794461   10    9   10    7
 -0.0005940798094843398   10    9   10    8
 0.002784734492502773   10    9   10    9
 0.2081816676780782   10   10    1    1
 -0.0105674520682916   10   10    2    1
 0.09400459016486365   10   10    2    2
 0.005003148392807942   10   10    3    1
 -0.002678702359126424   10   10    3    2
 0.05923434532130027   10   10    3    3
 -0.01716134126669809   10   10    4    1
 0.006442640140579626   10   10    4    2
 -0.002585121638578717   10   10    4    3
 0.2099313057502067   10   10    4    4
 0.01153097602030998   10   10    5    1
 0.001393583074587333   10   10    5    2
 -0.001928220999558616   10   10    5    3
 0.01522093241425131   10   10    5    4
 0.5102610221868831   10   10    5    5
 -0.04930675342327766   10   10    6    1
 0.02041817993690635   10   10    6    2
 -0.008753058991918701   10   10    6    3
 0.0008867746196130465   10   10    6    4
 0.06059977074049996   10   10    6    5
 0.2156525586690311   10   10    6    6
 -0.002613270959481063   10   10    7    1
 -0.0001817255010377786   10   10    7    2
 0.0001834715237708474   10   10    7    3
 -0.04591690569676763   10   10    7    4
 0.05988000049740944   10   10    7    5
 0.01848784691421086   10   10    7    6
 0.2164734356451244   10   10    7    7
 -0.008639700065096212   10   10    8    1
 0.006337647128063595   10   10    8    2
 -0.005365463877624632   10   10    8    3
 -0.0003789916711686656   10   10    8    4
 0.01084169011011948   10   10    8    5
 0.005013630602180139   10   10    8    6
 0.002720438457516675   10   10    8    7
 0.05938021011889431   10   10    8    8
 0.02028414471948803   10   10    9    1
 -0.01301655815526209   10   10    9    2
 0.006327348075600093   10   10    9    3
 0.000683870107601269   10   10    9    4
 -0.02505808335955892   10   10    9    5
 -0.009747627992635087   10   10    9    6
 -0.00677201279388998   10   10    9    7
 -0.002483974774078476   10   10    9    8
 0.0948251934489396   10   10    9    9
 -0.05928211742724573   10   10   10    1
 0.02531192015660285   10   10   10    2
 -0.01101341356309143   10   10   10    3
 0.05936042359376154   10   10   10    4
 -0.004948624341695601   10   10   10    5
 -0.01832322357508507   10   10   10    6
 0.02163837341050167   10   10   10    7
 0.001745854676977558   10   10   10    8
 -0.0008127389429287568   10   10   10    9
 0.5366004563088523   10   10   10   10
 -1.982086854817223    1    1  0  0
 -0.04287599899822597    2    1  0  0
 -1.922118502889238    2    2  0  0
 0.02243354678272327    3    1  0  0
 -0.05629553934194268    3    2  0  0
 -1.643776143892271    3    3  0  0
 0.02243354678258962    4    1  0  0
 -0.01295319037397797    4    2  0  0
 0.008957682599620598    4    3  0  0
 -1.643776143892256    4    4  0  0
 -0.04287599899820905    5    1  0  0
 0.01767681460866007    5    2  0  0
 -0.01295319037396021    5    3  0  0
 -0.05629553934196611    5    4  0  0
 -1.922118502889224    5    5  0  0
 -1.562734540522432e-13    6    1  0  0
 -0.02242601424711137    6    2  0  0
 0.02596113605318913    6    3  0  0
 -0.02596113605388534    6    4  0  0
 0.0224260142471732    6    5  0  0
 -1.746708940809846    6    6  0  0
 0.01771749884283302    7    1  0  0
 -0.006101073145153694    7    2  0  0
 -0.001067271420396212    7    3  0  0
 0.1367803578593609    7    4  0  0
 -0.04111313315448824    7    5  0  0
 -0.006188080086256314    7    6  0  0
 -1.416337416524384    7    7  0  0
 0.01771749884220839    8    1  0  0
 -0.0411131331545783    8    2  0  0
 0.1367803578598908    8    3  0  0
 -0.001067271428066932    8    4  0  0
 -0.006101073142008352    8    5  0  0
 0.006188080080302547    8    6  0  0
 -0.005385106752142068    8    7  0  0
 -1.416337416523084    8    8  0  0
 -0.00172868163249644    9    1  0  0
 0.0344691249010007    9    2  0  0
 -0.06335220701596278    9    3  0  0
 0.01022025141467373    9    4  0  0
 -0.004176574162224955    9    5  0  0
 0.04738960052481584    9    6  0  0
 0.005798049575600756    9    7  0  0
 0.03823464836025657    9    8  0  0
 -1.687389435901086    9    9  0  0
 -0.001728681633200946   10    1  0  0
 -0.004176574160360318   10    2  0  0
 0.01022025140825698   10    3  0  0
 -0.0633522070156694   10    4  0  0
 0.03446912490140437   10    5  0  0
 -0.04738960052590373   10    6  0  0
 0.03823464836124993   10    7  0  0
 0.005798049562304919   10    8  0  0
 -0.001847120291749566   10    9  0  0
 -1.687389435902783   10   10  0  0
 6.37978775367589  0  0  0  0
