 &FCI NORB=   6,NELEC=10,MS2=0,
  ORBSYM=1,1,1,1,1,1,
  ISYM=1,
 &END
 0.879111695417218    1    1    1    1
 0.5332084671757106    1    1    2    2
 0.6530075382670538    1    1    3    3
 0.6530075382670538    1    1    4    4
 0.1417640171043424    1    1    5    1
 0.5747993865966393    1    1    5    5
 0.5364755193028201    1    1    6    6
 0.04062208665243536    2    1    2    1
 -0.07701760568350234    2    1    5    2
 0.06994127706201198    2    1    6    4
 0.5332084671757107    2    2    1    1
 0.5427647819927756    2    2    2    2
 0.5069091479049043    2    2    3    3
 0.5069091479049043    2    2    4    4
 0.01218291151547105    2    2    5    1
 0.54699965895326    2    2    5    5
 0.4769548934464199    2    2    6    6
 0.09878434622626171    3    1    3    1
 -0.01988639979477805    3    1    5    3
 0.0453878845658068    3    2    3    2
 0.6530075382670539    3    3    1    1
 0.5069091479049043    3    3    2    2
 0.5868374629053922    3    3    3    3
 0.5401695961714743    3    3    4    4
 0.0554564389417306    3    3    5    1
 0.5147551606324663    3    3    5    5
 0.4749130564422793    3    3    6    6
 0.09878434622626171    4    1    4    1
 -0.01988639979477805    4    1    5    4
 0.06184314336007184    4    1    6    2
 0.0453878845658068    4    2    4    2
 0.03186116065614873    4    2    6    1
 -0.0370915273733745    4    2    6    5
 0.023333933366959    4    3    4    3
 0.6530075382670539    4    4    1    1
 0.5069091479049043    4    4    2    2
 0.5401695961714743    4    4    3    3
 0.5868374629053922    4    4    4    4
 0.0554564389417306    4    4    5    1
 0.5147551606324663    4    4    5    5
 0.5112438569770347    4    4    6    6
 0.1417640171043424    5    1    1    1
 0.0121829115154711    5    1    2    2
 0.05545643894173061    5    1    3    3
 0.05545643894173061    5    1    4    4
 0.05622877759217405    5    1    5    1
 0.03475048463752309    5    1    5    5
 0.0258223297482013    5    1    6    6
 -0.07701760568350234    5    2    2    1
 0.2149840856131634    5    2    5    2
 -0.1386742497286428    5    2    6    4
 -0.01988639979477806    5    3    3    1
 0.02971307151291269    5    3    5    3
 -0.01988639979477806    5    4    4    1
 0.02971307151291269    5    4    5    4
 -0.04023035749493398    5    4    6    2
 0.5747993865966392    5    5    1    1
 0.5469996589532599    5    5    2    2
 0.5147551606324663    5    5    3    3
 0.5147551606324663    5    5    4    4
 0.03475048463752311    5    5    5    1
 0.5652617550455183    5    5    5    5
 0.4782233452418539    5    5    6    6
 0.03186116065614873    6    1    4    2
 0.02813874015266228    6    1    6    1
 -0.02059463286370856    6    1    6    5
 0.06184314336007184    6    2    4    1
 -0.04023035749493398    6    2    5    4
 0.07034741673978488    6    2    6    2
 0.01397814551644015    6    3    6    3
 0.069941277062012    6    4    2    1
 -0.1386742497286428    6    4    5    2
 0.1384343965664985    6    4    6    4
 -0.0370915273733745    6    5    4    2
 -0.02059463286370858    6    5    6    1
 0.03679360691757422    6    5    6    5
 0.5364755193028202    6    6    1    1
 0.4769548934464198    6    6    2    2
 0.4749130564422794    6    6    3    3
 0.5112438569770347    6    6    4    4
 0.02582232974820129    6    6    5    1
 0.4782233452418539    6    6    5    5
 0.471570051002466    6    6    6    6
 -7.014939002481643    1    1  0  0
 -5.12512106194445    2    2  0  0
 -5.487075055515997    3    3  0  0
 -5.487075055515997    4    4  0  0
 -0.5394965044283082    5    1  0  0
 -5.174365536358687    5    5  0  0
 -4.461251263018326    6    6  0  0
 -76.23110253976154  0  0  0  0
