000000111111
000001111011
000001111101
000010111011
000010111110
000100111011
000100111110
001000101111
001010001111
001010100111
001010101110
001100001111
001100100111
001100101110
010000011111
010000110111
010000111011
010000111101
010000111110
010001011101
010001110011
010001110110
010001111001
010001111100
010010011110
010010110011
010010110101
010010111001
010010111010
010100110101
010100111100
100000011111
100000110111
100000111101
100000111110
100001011101
100001110110
100001111001
100001111100
100010010111
100010011011
100010011101
100010110110
100010111010
100100010111
100100011011
100100110110
101000101110
110000010111
110000011011
110000011101
110000011110
110000110011
110000111010
110000111100
