000000111111
000001011111
000001110111
000001111011
000001111101
000001111110
000010011111
000010110111
000010111011
000010111101
000010111110
000100011111
000100110111
000100111011
000100111101
000100111110
001000011111
001000101111
001000110111
001000111011
001010001111
001010100111
001010101110
001100001111
001100100111
001100101110
010000011111
010000110111
010000111011
010000111101
010000111110
010001110011
010001111001
010001111100
010010011110
010010111001
010100111100
100000011111
100000110111
100000111011
100000111101
100000111110
100001110110
100001111001
100010011101
100010111010
100100010111
100100110110
110000010111
110000011011
110000011101
110000011110
110000110011
110000111010
110000111100
