000000111111
000001011111
000001110111
000001111011
000001111101
000001111110
000010011111
000010110111
000010111011
000010111110
000011110110
000100011111
000100110111
000100111011
000100111110
000101110110
000110110101
010000011111
010000101111
010000110111
010000111011
010000111101
010000111110
010001011101
010001111100
010010010111
010010011110
010010111010
010100011011
010100110101
010100110110
011000001111
011000011101
011000101101
011000101110
011000111100
100000110111
100000111011
100000111101
100000111110
100001110101
100001111001
100010010111
100010110011
100010111010
100100011110
101000001111
101000010111
101000100111
101000101011
101000101110
101000110011
101000111010
110000110011
110000111010
