000000111111
000001011111
000001110111
000001111011
000001111101
000010011111
000010110111
000010111011
000010111101
000010111110
000011110110
000100011111
000100110111
000100111011
000100111101
000100111110
000101110110
001000011111
001000101111
001000110111
001000111011
001000111101
001000111110
010000011111
010000110111
010000111011
010000111101
010000111110
010001011101
010001111100
010010010111
010010011110
010010111010
010100011011
010100110110
011000001111
011000011101
011000101101
011000101110
011000111100
100000011111
100000110111
100000111011
100000111101
100001110101
100001111001
100010010111
100010111010
100100011110
101000001111
101000100111
101000101011
101000110011
110000110011
110000111010
