000000111111
000001110111
000010011111
000010111110
000011110110
000011111001
000100011111
000100110111
000100111110
000101011011
000101110110
000110011110
000110110101
000110111001
010001011101
010001111100
010010010111
010010011110
010010111010
010010111100
010100011011
010100011101
010100110101
010100110110
011000001111
011000011101
011000101011
011000101101
011000101110
011000111010
011000111100
100001110101
100001111001
100010010111
100010011011
100010011101
100010110011
100010110101
100010111010
100010111100
100100011110
100100110011
100100111100
101000001111
101000010111
101000011110
101000100111
101000101011
101000101110
101000110011
101000111010
110000010111
110000110011
110000111010
110000111100
