 &FCI NORB=  10,NELEC=10,MS2=0,
  ORBSYM=1,1,1,1,1,1,1,1,1,1,
  ISYM=1,
 &END
 0.493071314545614    1    1    1    1
 0.01317257415307218    2    1    1    1
 0.01716052712307823    2    1    2    1
 0.2006737553547254    2    2    1    1
 0.01088213860336273    2    2    2    1
 0.496590656256342    2    2    2    2
 0.0002401623681754515    3    1    1    1
 -0.00270545827232026    3    1    2    1
 -0.0161656419747625    3    1    2    2
 0.002397246707534333    3    1    3    1
 -0.008130973285975677    3    2    1    1
 -0.007983985489104678    3    2    2    1
 0.01413497576519946    3    2    2    2
 -0.003343245505180283    3    2    3    1
 0.01602330815075807    3    2    3    2
 0.09315015967232956    3    3    1    1
 -0.010743388606467    3    3    2    1
 0.2017810608585176    3    3    2    2
 0.004084282118526608    3    3    3    1
 0.004084694637634872    3    3    3    2
 0.5181630978945219    3    3    3    3
 0.0002401623683195694    4    1    1    1
 0.002860886261828381    4    1    2    1
 0.004617162564700199    4    1    2    2
 -0.0009500839221285724    4    1    3    1
 -3.471626215503786e-05    4    1    3    2
 0.001563216904370282    4    1    3    3
 0.002397246707531    4    1    4    1
 0.006009553138300814    4    2    1    1
 0.001262485251203154    4    2    2    1
 -0.001867919628440919    4    2    2    2
 0.0001254481617731225    4    2    3    1
 -0.001251672111750218    4    2    3    2
 -0.002801564187007112    4    2    3    3
 -0.0006597936283350145    4    2    4    1
 0.0005587674173109566    4    2    4    2
 -0.002323103376630487    4    3    1    1
 -9.616522871341931e-06    4    3    2    1
 -0.002448628727881146    4    3    2    2
 0.000293285892140453    4    3    3    1
 -0.0006854256336743419    4    3    3    2
 0.001953395440267139    4    3    3    3
 0.0002932858921376675    4    3    4    1
 -0.0001493505491333873    4    3    4    2
 0.0001395357979399597    4    3    4    3
 0.09315015967232571    4    4    1    1
 -0.003083229263577853    4    4    2    1
 0.0590398128600084    4    4    2    2
 0.001563216904350164    4    4    3    1
 -0.0009716895963448891    4    4    3    2
 0.04321461561870302    4    4    3    3
 0.004084282118369841    4    4    4    1
 -0.003311572683448343    4    4    4    2
 0.001953395440260193    4    4    4    3
 0.518163097894527    4    4    4    4
 0.01317257415304866    5    1    1    1
 -0.008449443331908111    5    1    2    1
 -0.009650421014176444    5    1    2    2
 0.002860886261822112    5    1    3    1
 2.257427640026537e-05    5    1    3    2
 -0.003083229263588279    5    1    3    3
 -0.002705458272313613    5    1    4    1
 8.100948436658648e-05    5    1    4    2
 -9.616522868623712e-06    5    1    4    3
 -0.01074338860645604    5    1    4    4
 0.01716052712308378    5    1    5    1
 -0.01731202731830664    5    2    1    1
 -0.003198116307262298    5    2    2    1
 0.001363568569989639    5    2    2    2
 -0.0001927448733262008    5    2    3    1
 0.002981084748974069    5    2    3    2
 0.005616798903455572    5    2    3    3
 -0.0001927448733325926    5    2    4    1
 -0.0005641110990421088    5    2    4    2
 1.694129408568149e-05    5    2    4    3
 0.005616798903436435    5    2    4    4
 -0.003198116307259774    5    2    5    1
 0.002622388380440518    5    2    5    2
 0.006009553138290549    5    3    1    1
 8.100948436946629e-05    5    3    2    1
 0.006097191468790155    5    3    2    2
 -0.0006597936283405447    5    3    3    1
 0.001489618834105408    5    3    3    2
 -0.003311572683427659    5    3    3    3
 0.0001254481617781312    5    3    4    1
 -1.035586796433424e-05    5    3    4    2
 -0.000149350549133507    5    3    4    3
 -0.002801564187009972    5    3    4    4
 0.001262485251195343    5    3    5    1
 -0.0005641110990391038    5    3    5    2
 0.0005587674173104975    5    3    5    3
 -0.008130973285969728    5    4    1    1
 2.257427639678848e-05    5    4    2    1
 -0.002551761348710095    5    4    2    2
 -3.471626215064918e-05    5    4    3    1
 5.552080644470433e-05    5    4    3    2
 -0.0009716895963460731    5    4    3    3
 -0.003343245505184649    5    4    4    1
 0.001489618834102946    5    4    4    2
 -0.0006854256336739539    5    4    4    3
 0.004084694637624973    5    4    4    4
 -0.007983985489101182    5    4    5    1
 0.002981084748968891    5    4    5    2
 -0.001251672111747611    5    4    5    3
 0.01602330815075393    5    4    5    4
 0.2006737553547397    5    5    1    1
 -0.009650421014161652    5    5    2    1
 0.09318585172799902    5    5    2    2
 0.004617162564646706    5    5    3    1
 -0.002551761348705019    5    5    3    2
 0.05903981286000734    5    5    3    3
 -0.01616564197476198    5    5    4    1
 0.006097191468777408    5    5    4    2
 -0.002448628727875888    5    5    4    3
 0.2017810608585109    5    5    4    4
 0.01088213860339614    5    5    5    1
 0.001363568569943718    5    5    5    2
 -0.001867919628464562    5    5    5    3
 0.01413497576521251    5    5    5    4
 0.4965906562563357    5    5    5    5
 -6.183130982006376e-13    6    1    1    1
 -0.04165869132291263    6    1    2    1
 -0.04553819333268531    6    1    2    2
 0.01309699857547226    6    1    3    1
 0.001222465982063662    6    1    3    2
 -0.0135298719736202    6    1    3    3
 -0.01309699857552415    6    1    4    1
 -0.00014446764726045    6    1    4    2
 0.01352987197358552    6    1    4    4
 0.04165869132287027    6    1    5    1
 4.262073679760198e-14    6    1    5    2
 0.0001444676472304952    6    1    5    3
 -0.001222465981962622    6    1    5    4
 0.04553819333334942    6    1    5    5
 0.2042415963010697    6    1    6    1
 -0.05731284698525323    6    2    1    1
 -0.001610651309447515    6    2    2    1
 0.05933746991384633    6    2    2    2
 -0.002712004037627215    6    2    3    1
 0.003583192906307194    6    2    3    2
 0.02064865242988195    6    2    3    3
 0.0005386529650318776    6    2    4    1
 -0.001570135735783916    6    2    4    2
 1.284254143929738e-05    6    2    4    3
 -0.006960509259347404    6    2    4    4
 -0.003236028593375969    6    2    5    1
 0.003642208635392824    6    2    5    2
 -3.648285810356921e-05    6    2    5    3
 0.0007863288729969515    6    2    5    4
 -0.01941989242324111    6    2    5    5
 -0.004624709169559913    6    2    6    1
 0.02459996625254322    6    2    6    2
 0.02194563965453716    6    3    1    1
 -0.0002893917903478709    6    3    2    1
 0.0009364421718964365    6    3    2    2
 -0.0005438915828565385    6    3    3    1
 0.001697755026511649    6    3    3    2
 -0.02449905656240968    6    3    3    3
 -0.0001964497822442896    6    3    4    1
 0.0003097977953265705    6    3    4    2
 -0.0003397186272921023    6    3    4    3
 0.003277244916533979    6    3    4    4
 0.001187317476178207    6    3    5    1
 -0.0008091483707895693    6    3    5    2
 0.0007225619768669734    6    3    5    3
 -0.0002991427742356938    6    3    5    4
 0.00836579272441222    6    3    5    5
 0.002810408820640905    6    3    6    1
 -0.004449011469367008    6    3    6    2
 0.003076518286000198    6    3    6    3
 -0.02194563965465736    6    4    1    1
 -0.0011873174761929    6    4    2    1
 -0.008365792724307085    6    4    2    2
 0.0001964497822443378    6    4    3    1
 0.0002991427742547832    6    4    3    2
 -0.00327724491654099    6    4    3    3
 0.0005438915827320533    6    4    4    1
 -0.0007225619768251029    6    4    4    2
 0.0003397186272700428    6    4    4    3
 0.02449905656328949    6    4    4    4
 0.0002893917903185384    6    4    5    1
 0.0008091483708034926    6    4    5    2
 -0.0003097977953263798    6    4    5    3
 -0.001697755026110219    6    4    5    4
 -0.0009364421722732866    6    4    5    5
 0.002810408820749444    6    4    6    1
 0.002896788361339329    6    4    6    2
 -0.001057985208189039    6    4    6    3
 0.003076518286024518    6    4    6    4
 0.05731284698570761    6    5    1    1
 0.003236028593386963    6    5    2    1
 0.01941989242302154    6    5    2    2
 -0.0005386529650310985    6    5    3    1
 -0.0007863288730336738    6    5    3    2
 0.006960509259380991    6    5    3    3
 0.00271200403769754    6    5    4    1
 3.648285808975203e-05    6    5    4    2
 -1.284254142614944e-05    6    5    4    3
 -0.02064865242992606    6    5    4    4
 0.001610651310030918    6    5    5    1
 -0.003642208635603137    6    5    5    2
 0.001570135735866964    6    5    5    3
 -0.003583192906928985    6    5    5    4
 -0.05933746991416951    6    5    5    5
 -0.004624709169901771    6    5    6    1
 -0.008199255557743697    6    5    6    2
 0.002896788361301943    6    5    6    3
 -0.004449011469202611    6    5    6    4
 0.02459996625277964    6    5    6    5
 0.5068093501914502    6    6    1    1
 0.01407165410213429    6    6    2    1
 0.2085315084952457    6    6    2    2
 0.0001825835231302485    6    6    3    1
 -0.008961490429986056    6    6    3    2
 0.09401130358689742    6    6    3    3
 0.0001825835233806477    6    6    4    1
 0.006346245206447275    6    6    4    2
 -0.002436594519433418    6    6    4    3
 0.09401130358708026    6    6    4    4
 0.01407165410146524    6    6    5    1
 -0.01837841005276686    6    6    5    2
 0.006346245206387111    6    6    5    3
 -0.008961490429671381    6    6    5    4
 0.208531508494952    6    6    5    5
 -1.661394988228333e-12    6    6    6    1
 -0.06026145403013241    6    6    6    2
 0.02314858828345107    6    6    6    3
 -0.02314858828364114    6    6    6    4
 0.06026145403068162    6    6    6    5
 0.5331236334006256    6    6    6    6
 -0.02215044580876202    7    1    1    1
 0.0004411170993621102    7    1    2    1
 -0.002389789242925037    7    1    2    2
 0.0005183970204523674    7    1    3    1
 -0.001544398989370985    7    1    3    2
 0.02387765817655169    7    1    3    3
 0.0001709612147939475    7    1    4    1
 -0.0002773964139860028    7    1    4    2
 0.0003320375053117778    7    1    4    3
 -0.003266462132156738    7    1    4    4
 -0.001085043669536648    7    1    5    1
 0.0007249207234932368    7    1    5    2
 -0.0007015530790767285    7    1    5    3
 0.000269653396610921    7    1    5    4
 -0.008185531827619285    7    1    5    5
 -0.002604962667491397    7    1    6    1
 0.003800660586514834    7    1    6    2
 -0.002932137200149396    7    1    6    3
 0.0010313271424219    7    1    6    4
 -0.00279928820437367    7    1    6    5
 -0.02278952765269599    7    1    6    6
 0.003063048151101216    7    1    7    1
 0.01711777621584093    7    2    1    1
 0.001803121642665395    7    2    2    1
 0.05872369771936639    7    2    2    2
 -0.003857283961730001    7    2    3    1
 0.003631840577312497    7    2    3    2
 -0.05574501589947905    7    2    3    3
 0.0004090525551361099    7    2    4    1
 -0.0001241156300109163    7    2    4    2
 -0.0008580657093170917    7    2    4    3
 0.002995618274537314    7    2    4    4
 -0.0008343988016121895    7    2    5    1
 -6.753029049182193e-05    7    2    5    2
 0.001826642287075588    7    2    5    3
 -0.0002285461378562319    7    2    5    4
 0.006194875037332699    7    2    5    5
 -0.003337916234876409    7    2    6    1
 0.008645134668593049    7    2    6    2
 0.004647887715423345    7    2    6    3
 -0.0007929046559074017    7    2    6    4
 0.0018979789003853    7    2    6    5
 0.01829705037886649    7    2    6    6
 -0.005288415820353239    7    2    7    1
 0.02319839932607089    7    2    7    2
 -0.01193052467298576    7    3    1    1
 0.001411404208190803    7    3    2    1
 -0.04187353788246944    7    3    2    2
 0.01463460674583067    7    3    3    1
 -0.04207794969878986    7    3    3    2
 -0.008527581365432812    7    3    3    3
 -0.0001868979608079138    7    3    4    1
 0.0003462432681034789    7    3    4    2
 0.003006598146870802    7    3    4    3
 -0.002903890236499886    7    3    4    4
 0.0003725873003011137    7    3    5    1
 -0.000704221697003154    7    3    5    2
 -0.006617115036609193    7    3    5    3
 0.0001193033845123277    7    3    5    4
 -0.005300559550844934    7    3    5    5
 0.001726549734209566    7    3    6    1
 -0.003531425587775297    7    3    6    2
 -0.005178667897910823    7    3    6    3
 0.0004221094123976704    7    3    6    4
 -0.0009868806801492046    7    3    6    5
 -0.01221382729283981    7    3    6    6
 0.005613255255589692    7    3    7    1
 -0.01095619053770083    7    3    7    2
 0.2198629869590966    7    3    7    3
 -5.403579744312101e-05    7    4    1    1
 -4.297852153526164e-05    7    4    2    1
 0.0001873986110779229    7    4    2    2
 0.0002229134705949006    7    4    3    1
 -0.0004391175577072356    7    4    3    2
 0.005353826888920167    7    4    3    3
 -0.0002289304532415536    7    4    4    1
 0.0001085392782055792    7    4    4    2
 -8.480279692598902e-07    7    4    4    3
 -0.005439253388053408    7    4    4    4
 4.95691258021848e-05    7    4    5    1
 -1.627783114872663e-06    7    4    5    2
 -0.0001057495311909007    7    4    5    3
 0.0004755684937202006    7    4    5    4
 -0.0003685236566987279    7    4    5    5
 0.0004118469025203358    7    4    6    1
 6.144489994036267e-05    7    4    6    2
 -0.0003743070102578012    7    4    6    3
 -0.0003845304930057267    7    4    6    4
 0.0001005927663247093    7    4    6    5
 -5.917939154377156e-05    7    4    6    6
 0.0003973860167561224    7    4    7    1
 -0.001059714495697232    7    4    7    2
 0.001589960473262446    7    4    7    3
 0.0001684582952471468    7    4    7    4
 0.001268152596137652    7    5    1    1
 1.909729469156271e-06    7    5    2    1
 -0.0001873811246940187    7    5    2    2
 -0.000417182020355187    7    5    3    1
 0.0008765216006891668    7    5    3    2
 -0.01148817314752819    7    5    3    3
 -0.0002679102920326516    7    5    4    1
 0.0001170767582420647    7    5    4    2
 -0.0001575279642771479    7    5    4    3
 0.004536217950840842    7    5    4    4
 -0.0005699954038611712    7    5    5    1
 0.0002653660554826334    7    5    5    2
 8.636222511046502e-05    7    5    5    3
 0.0006773634186155068    7    5    5    4
 0.01054931981380477    7    5    5    5
 -0.0008859107900200543    7    5    6    1
 -0.0003063529632390672    7    5    6    2
 0.0008690833322606463    7    5    6    3
 9.91235959025975e-05    7    5    6    4
 -0.001939857679008481    7    5    6    5
 0.001357051664881253    7    5    6    6
 -0.0009192021312416339    7    5    7    1
 0.002312569153665777    7    5    7    2
 -0.00309095755582456    7    5    7    3
 -0.0002000185728301207    7    5    7    4
 0.0006934674399205376    7    5    7    5
 0.0002356458141289736    7    6    1    1
 0.002521825315272562    7    6    2    1
 0.01777956622017498    7    6    2    2
 -0.002338663338517913    7    6    3    1
 0.003140942176925527    7    6    3    2
 -0.0032633574872263    7    6    3    3
 0.0009555533342598628    7    6    4    1
 -0.0001495760535124188    7    6    4    2
 -0.000284660426621052    7    6    4    3
 -0.001548154960246121    7    6    4    4
 -0.002855251357413679    7    6    5    1
 0.0002407342425740721    7    6    5    2
 0.000643121818319758    7    6    5    3
 4.426975015122858e-05    7    6    5    4
 -0.004701369191684452    7    6    5    5
 -0.01326841729047714    7    6    6    1
 0.003273840555325788    7    6    6    2
 0.0004250675012412379    7    6    6    3
 -0.0002261802712512335    7    6    6    4
 0.0006598209204868408    7    6    6    5
 0.000299404981220774    7    6    6    6
 -0.0006248905984752626    7    6    7    1
 0.004442557248620436    7    6    7    2
 -0.01500771756533074    7    6    7    3
 -0.0002369483188741602    7    6    7    4
 0.000443599259706156    7    6    7    5
 0.002534931829073609    7    6    7    6
 0.09383925973744102    7    7    1    1
 -0.01165533652234005    7    7    2    1
 0.2087153300220828    7    7    2    2
 0.004164877944450656    7    7    3    1
 0.004517437083401743    7    7    3    2
 0.530184931510393    7    7    3    3
 0.001625350448742579    7    7    4    1
 -0.002997669738145596    7    7    4    2
 0.00200303150272794    7    7    4    3
 0.0432542834671512    7    7    4    4
 -0.003219869493079092    7    7    5    1
 0.006037259240725464    7    7    5    2
 -0.00339413166718593    7    7    5    3
 -0.001000203065013402    7    7    5    4
 0.0591893392503761    7    7    5    5
 -0.01383546832104897    7    7    6    1
 0.02192441016272896    7    7    6    2
 -0.02509502893706319    7    7    6    3
 -0.00333354929767053    7    7    6    4
 0.007083395541129201    7    7    6    5
 0.09470390602486711    7    7    6    6
 0.02512063993675604    7    7    7    1
 -0.05838200788269852    7    7    7    2
 -0.007559791723322536    7    7    7    3
 0.005620868463082261    7    7    7    4
 -0.01206981047226784    7    7    7    5
 -0.003459321401645215    7    7    7    6
 0.5555822265273058    7    7    7    7
 -0.02215044580512848    8    1    1    1
 -0.001085043669972174    8    1    2    1
 -0.008185531830464728    8    1    2    2
 0.0001709612150568559    8    1    3    1
 0.0002696533965024726    8    1    3    2
 -0.003266462134021305    8    1    3    3
 0.0005183970202705225    8    1    4    1
 -0.0007015530790028642    8    1    4    2
 0.0003320375052996837    8    1    4    3
 0.02387765817703842    8    1    4    4
 0.0004411170999925708    8    1    5    1
 0.0007249207233070091    8    1    5    2
 -0.000277396413957519    8    1    5    3
 -0.001544398989423666    8    1    5    4
 -0.002389789241493178    8    1    5    5
 0.002604962670029868    8    1    6    1
 0.002799288203171074    8    1    6    2
 -0.00103132714209457    8    1    6    3
 0.00293213720000463    8    1    6    4
 -0.003800660585941904    8    1    6    5
 -0.0227895276490331    8    1    6    6
 0.001060877323846453    8    1    7    1
 -0.0007728055114309377    8    1    7    2
 0.0004228002266910545    8    1    7    3
 -0.0003698337746181521    8    1    7    4
 4.330720066245933e-05    8    1    7    5
 -0.0002002840651565375    8    1    7    6
 -0.003329144133049963    8    1    7    7
 0.003063048150781987    8    1    8    1
 0.001268152592995141    8    2    1    1
 -0.0005699954057966452    8    2    2    1
 0.01054931981213175    8    2    2    2
 -0.0002679102919434608    8    2    3    1
 0.0006773634202792736    8    2    3    2
 0.004536217955131891    8    2    3    3
 -0.0004171820203886979    8    2    4    1
 8.636222483770332e-05    8    2    4    2
 -0.0001575279642554723    8    2    4    3
 -0.01148817314790937    8    2    4    4
 1.909729517481301e-06    8    2    5    1
 0.0002653660561682321    8    2    5    2
 0.0001170767581912384    8    2    5    3
 0.0008765216007270958    8    2    5    4
 -0.0001873811255952878    8    2    5    5
 0.0008859107904664275    8    2    6    1
 0.001939857679151259    8    2    6    2
 -9.912359603599604e-05    8    2    6    3
 -0.000869083332128322    8    2    6    4
 0.000306352962854533    8    2    6    5
 0.001357051661483213    8    2    6    6
 4.330720077000282e-05    8    2    7    1
 0.001337918258990509    8    2    7    2
 -0.0006290051937459782    8    2    7    3
 0.0001849425697095482    8    2    7    4
 -5.392969751710921e-05    8    2    7    5
 0.0003249283502408932    8    2    7    6
 0.00475869662141852    8    2    7    7
 -0.0009192021311940009    8    2    8    1
 0.0006934674400382162    8    2    8    2
 -5.403579601762562e-05    8    3    1    1
 4.956912584687711e-05    8    3    2    1
 -0.0003685236527719892    8    3    2    2
 -0.0002289304539286438    8    3    3    1
 0.0004755684953661671    8    3    3    2
 -0.005439253390627556    8    3    3    3
 0.0002229134706173101    8    3    4    1
 -0.0001057495312026705    8    3    4    2
 -8.48028115333022e-07    8    3    4    3
 0.005353826889163612    8    3    4    4
 -4.297852157344449e-05    8    3    5    1
 -1.627783109319789e-06    8    3    5    2
 0.0001085392785240179    8    3    5    3
 -0.0004391175577267837    8    3    5    4
 0.000187398611584    8    3    5    5
 -0.0004118469027069912    8    3    6    1
 -0.0001005927659245594    8    3    6    2
 0.0003845304934407716    8    3    6    3
 0.000374307010191116    8    3    6    4
 -6.144489976418657e-05    8    3    6    5
 -5.917939006071213e-05    8    3    6    6
 -0.0003698337750452045    8    3    7    1
 0.0009492247030233765    8    3    7    2
 -0.001494708454908149    8    3    7    3
 -0.0001617419383918385    8    3    7    4
 0.0001849425698979922    8    3    7    5
 0.000211098808907181    8    3    7    6
 -0.005565019974796265    8    3    7    7
 0.0003973860167046939    8    3    8    1
 -0.0002000185727698516    8    3    8    2
 0.0001684582954472795    8    3    8    3
 -0.01193052467321748    8    4    1    1
 0.0003725873003081742    8    4    2    1
 -0.005300559551384573    8    4    2    2
 -0.000186897960796101    8    4    3    1
 0.0001193033844974551    8    4    3    2
 -0.002903890236912187    8    4    3    3
 0.01463460674584195    8    4    4    1
 -0.006617115036609974    8    4    4    2
 0.003006598146874667    8    4    4    3
 -0.008527581364668618    8    4    4    4
 0.001411404208212009    8    4    5    1
 -0.0007042216969995028    8    4    5    2
 0.0003462432680993397    8    4    5    3
 -0.0420779496988529    8    4    5    4
 -0.04187353788222613    8    4    5    5
 -0.001726549734327092    8    4    6    1
 0.0009868806801411666    8    4    6    2
 -0.0004221094124148686    8    4    6    3
 0.005178667895664642    8    4    6    4
 0.003531425587924119    8    4    6    5
 -0.01221382729343318    8    4    6    6
 0.0004228002266866276    8    4    7    1
 -0.0003840904736383414    8    4    7    2
 0.0003235975301570387    8    4    7    3
 -0.00149470844703945    8    4    7    4
 -0.0006290051936478657    8    4    7    5
 0.0001798640458632011    8    4    7    6
 -0.002920522092726838    8    4    7    7
 0.005613255255508379    8    4    8    1
 -0.003090957555821019    8    4    8    2
 0.001589960473242417    8    4    8    3
 0.2198629869595028    8    4    8    4
 0.01711777621624112    8    5    1    1
 -0.0008343988016033834    8    5    2    1
 0.006194875038569002    8    5    2    2
 0.0004090525551000522    8    5    3    1
 -0.0002285461378236179    8    5    3    2
 0.002995618275421044    8    5    3    3
 -0.003857283961631711    8    5    4    1
 0.001826642287049424    8    5    4    2
 -0.0008580657093107476    8    5    4    3
 -0.05574501590010878    8    5    4    4
 0.001803121642587666    8    5    5    1
 -6.753029049284465e-05    8    5    5    2
 -0.0001241156299960857    8    5    5    3
 0.003631840577338904    8    5    5    4
 0.0587236977172568    8    5    5    5
 0.003337916235063874    8    5    6    1
 -0.001897978900299971    8    5    6    2
 0.0007929046559138246    8    5    6    3
 -0.004647887715674844    8    5    6    4
 -0.008645134668252896    8    5    6    5
 0.01829705037926971    8    5    6    6
 -0.000772805511218452    8    5    7    1
 0.0005638531082246592    8    5    7    2
 -0.0003840904735851783    8    5    7    3
 0.0009492247016854674    8    5    7    4
 0.001337918259701268    8    5    7    5
 -0.0004389275805341937    8    5    7    6
 0.003027924978293418    8    5    7    7
 -0.005288415820290496    8    5    8    1
 0.00231256915363332    8    5    8    2
 -0.00105971449566518    8    5    8    3
 -0.01095619053771237    8    5    8    4
 0.02319839932549517    8    5    8    5
 -0.0002356458101717805    8    6    1    1
 0.002855251356775984    8    6    2    1
 0.004701369191931494    8    6    2    2
 -0.0009555533340605339    8    6    3    1
 -4.426975001802926e-05    8    6    3    2
 0.001548154961348846    8    6    3    3
 0.002338663338341877    8    6    4    1
 -0.0006431218182738694    8    6    4    2
 0.0002846604265912645    8    6    4    3
 0.003263357482377747    8    6    4    4
 -0.002521825314334323    8    6    5    1
 -0.0002407342427753358    8    6    5    2
 0.000149576053610867    8    6    5    3
 -0.003140942177320234    8    6    5    4
 -0.0177795662197789    8    6    5    5
 -0.01326841728813539    8    6    6    1
 0.0006598209197578427    8    6    6    2
 -0.0002261802710303003    8    6    6    3
 0.000425067500681544    8    6    6    4
 0.003273840556132448    8    6    6    5
 -0.0002994049769342047    8    6    6    6
 0.0002002840647065222    8    6    7    1
 0.0004389275804493196    8    6    7    2
 -0.0001798640454817173    8    6    7    3
 -0.0002110988081564406    8    6    7    4
 -0.0003249283504128348    8    6    7    5
 0.001000023407332118    8    6    7    6
 0.001606452990413347    8    6    7    7
 0.000624890597862424    8    6    8    1
 -0.0004435992596065458    8    6    8    2
 0.0002369483188311159    8    6    8    3
 0.01500771756587851    8    6    8    4
 -0.0044425572476888    8    6    8    5
 0.00253493182872367    8    6    8    6
 0.002374910153801461    8    7    1    1
 -1.090427944589021e-05    8    7    2    1
 0.002614471532947466    8    7    2    2
 -0.0002818699295633736    8    7    3    1
 0.0006480902507610335    8    7    3    2
 -0.0017955889959214    8    7    3    3
 -0.000281869929298087    8    7    4    1
 0.0001417464338896736    8    7    4    2
 -0.000135318752667525    8    7    4    3
 -0.001795588979951011    8    7    4    4
 -1.09042794431968e-05    8    7    5    1
 -3.390503277918684e-06    8    7    5    2
 0.0001417464340306795    8    7    5    3
 0.0006480902502518723    8    7    5    4
 0.002614471536808687    8    7    5    5
 3.634257521103476e-13    8    7    6    1
 4.532324954690014e-05    8    7    6    2
 0.0003199377853354118    8    7    6    3
 -0.0003199377842863813    8    7    6    4
 -4.532325033360497e-05    8    7    6    5
 0.002475046580873779    8    7    6    6
 -0.000349454567733492    8    7    7    1
 0.0009448032667199139    8    7    7    2
 -0.003076193973921477    8    7    7    3
 -5.231474026491891e-06    8    7    7    4
 0.000169423980311924    8    7    7    5
 0.0003080100456237028    8    7    7    6
 -0.001902578587213715    8    7    7    7
 -0.0003494545666724647    8    7    8    1
 0.0001694239797150079    8    7    8    2
 -5.231473462584123e-06    8    7    8    3
 -0.003076193971976182    8    7    8    4
 0.0009448032643473041    8    7    8    5
 -0.0003080100453356649    8    7    8    6
 0.0001435092046188353    8    7    8    7
 0.09383925973665042    8    8    1    1
 -0.00321986949311379    8    8    2    1
 0.05918933925042747    8    8    2    2
 0.001625350448708879    8    8    3    1
 -0.001000203064945567    8    8    3    2
 0.04325428346755174    8    8    3    3
 0.004164877944389768    8    8    4    1
 -0.003394131667268011    8    8    4    2
 0.002003031502743992    8    8    4    3
 0.5301849315109319    8    8    4    4
 -0.01165533652244315    8    8    5    1
 0.006037259240771129    8    8    5    2
 -0.002997669738163064    8    8    5    3
 0.004517437083270383    8    8    5    4
 0.208715330021093    8    8    5    5
 0.01383546832074462    8    8    6    1
 -0.007083395540950794    8    8    6    2
 0.003333549297607897    8    8    6    3
 0.02509502893802683    8    8    6    4
 -0.02192441016274792    8    8    6    5
 0.09470390602423943    8    8    6    6
 -0.00332914413103844    8    8    7    1
 0.003027924977320876    8    8    7    2
 -0.002920522092125343    8    8    7    3
 -0.005565019972151264    8    8    7    4
 0.004758696616840796    8    8    7    5
 -0.001606452989257501    8    8    7    6
 0.04329296355951374    8    8    7    7
 0.02512063993734219    8    8    8    1
 -0.01206981047267604    8    8    8    2
 0.00562086846333886    8    8    8    3
 -0.007559791721743614    8    8    8    4
 -0.0583820078836566    8    8    8    5
 0.003459321396621741    8    8    8    6
 -0.001902578570452646    8    8    8    7
 0.5555822265284479    8    8    8    8
 0.05988364904974864    9    1    1    1
 0.002916207373702448    9    1    2    1
 0.01900720540989678    9    1    2    2
 -0.0004414584591077283    9    1    3    1
 -0.0007066627782570998    9    1    3    2
 0.00696077771423362    9    1    3    3
 0.002954281981890651    9    1    4    1
 -4.671784052821156e-05    9    1    4    2
 1.599611063866546e-05    9    1    4    3
 -0.02107669168646012    9    1    4    4
 0.0006645119793908469    9    1    5    1
 -0.003361776556248309    9    1    5    2
 0.001468220555192845    9    1    5    3
 -0.003884289325760823    9    1    5    4
 -0.05640684103796825    9    1    5    5
 -0.003411116394425583    9    1    6    1
 -0.008115027714113432    9    1    6    2
 0.002892240145467254    9    1    6    3
 -0.004125713520254945    9    1    6    4
 0.02228730520302858    9    1    6    5
 0.06113443347983194    9    1    6    6
 -0.003028631263561682    9    1    7    1
 0.001860897827766108    9    1    7    2
 -0.0009940921533528829    9    1    7    3
 7.848379646629179e-05    9    1    7    4
 -0.001776287313846942    9    1    7    5
 0.0005223030157798068    9    1    7    6
 0.007110929784904899    9    1    7    7
 -0.004163263782842841    9    1    8    1
 0.0003666163968716473    9    1    8    2
 -8.734557373294228e-05    9    1    8    3
 0.003870412448651575    9    1    8    4
 -0.007728671544029168    9    1    8    5
 0.002788643039270536    9    1    8    6
 6.588359924440227e-07    9    1    8    7
 -0.02209191907436796    9    1    8    8
 0.02447595389317328    9    1    9    1
 -0.0007201945739642834    9    2    1    1
 0.0008828483188435799    9    2    2    1
 -0.02435108016163567    9    2    2    2
 0.0007579741855785472    9    2    3    1
 -0.001452466822104851    9    2    3    2
 -0.009720663532040185    9    2    3    3
 -0.0008320325555428541    9    2    4    1
 0.0005848291359146034    9    2    4    2
 -5.447943000208568e-06    9    2    4    3
 0.009926400972933621    9    2    4    4
 -0.0007414057586054238    9    2    5    1
 -8.700720284067733e-06    9    2    5    2
 -0.0005680900832583181    9    2    5    3
 0.001564478064915553    9    2    5    4
 0.02398626836895394    9    2    5    5
 -0.001884773384178458    9    2    6    1
 -0.004907198178823837    9    2    6    2
 0.0003513362754039735    9    2    6    3
 0.0003809450884125478    9    2    6    4
 -0.004809046968123109    9    2    6    5
 -0.0008733000727636928    9    2    6    6
 -0.0002110676064083001    9    2    7    1
 -0.003200440331127992    9    2    7    2
 0.001450317858005918    9    2    7    3
 -5.633230890660216e-05    9    2    7    4
 0.0007403563854631915    9    2    7    5
 -0.0008955850702128433    9    2    7    6
 -0.0102222683448003    9    2    7    7
 0.0003383850262462898    9    2    8    1
 -0.0007696435696260618    9    2    8    2
 6.455939477522572e-05    9    2    8    3
 -0.001591510801387445    9    2    8    4
 0.003037872735054916    9    2    8    5
 -0.0008528110016798463    9    2    8    6
 -7.594860684209248e-06    9    2    8    7
 0.01035759471170532    9    2    8    8
 -0.005146913202764772    9    2    9    1
 0.003358240615382169    9    2    9    2
 -0.000880699413687528    9    3    1    1
 2.416491621085905e-06    9    3    2    1
 0.0006362518982078774    9    3    2    2
 0.0004265218183459112    9    3    3    1
 -0.000962177380272372    9    3    3    2
 0.01171721430429789    9    3    3    3
 0.0003029756818622578    9    3    4    1
 -0.0001253068593159585    9    3    4    2
 0.0001620950282268812    9    3    4    3
 -0.004640824449227551    9    3    4    4
 0.000496578197347445    9    3    5    1
 -0.0002584276028418167    9    3    5    2
 -9.201492640331011e-05    9    3    5    3
 -0.0007242998934456002    9    3    5    4
 -0.01045535464744437    9    3    5    5
 0.0008552713347783721    9    3    6    1
 0.000377059097415055    9    3    6    2
 -0.0008876800522052815    9    3    6    3
 -0.0001004462107960883    9    3    6    4
 0.001869638630738345    9    3    6    5
 -0.0009077698722653142    9    3    6    6
 0.0008510639888609514    9    3    7    1
 -0.002069024640466664    9    3    7    2
 0.002889359009864538    9    3    7    3
 0.0001890719036159992    9    3    7    4
 -0.0006661428867376844    9    3    7    5
 -0.0003857946924628932    9    3    7    6
 0.01199195214850093    9    3    7    7
 -8.197906797423946e-05    9    3    8    1
 7.044324131519545e-05    9    3    8    2
 -0.000192044389693209    9    3    8    3
 0.0006927860481087006    9    3    8    4
 -0.001279026794436285    9    3    8    5
 0.0003095248001000211    9    3    8    6
 -0.0001553426189415481    9    3    8    7
 -0.004833015479192696    9    3    8    8
 0.002005186873915245    9    3    9    1
 -0.0008112798913761712    9    3    9    2
 0.0006948919480165267    9    3    9    3
 0.01753204134795624    9    4    1    1
 -0.000915536162052985    9    4    2    1
 0.00621478874634927    9    4    2    2
 0.0004385863834292414    9    4    3    1
 -0.0002329876625063217    9    4    3    2
 0.003004220364888764    9    4    3    3
 -0.004194046052916067    9    4    4    1
 0.001966985518818194    9    4    4    2
 -0.0009234352682289417    9    4    4    3
 -0.059593956000588    9    4    4    4
 0.002143793081137622    9    4    5    1
 -0.0001820920301224187    9    4    5    2
 -7.106855385417414e-05    9    4    5    3
 0.004703047212161776    9    4    5    4
 0.05636628504068866    9    4    5    5
 0.003641986230732546    9    4    6    1
 -0.001935732779259864    9    4    6    2
 0.0008043580108094992    9    4    6    3
 -0.005128830481957166    9    4    6    4
 -0.007785212463825773    9    4    6    5
 0.01845832527500435    9    4    6    6
 -0.0007884276190089873    9    4    7    1
 0.0005647554054268451    9    4    7    2
 -0.0003840214722830186    9    4    7    3
 0.001042143740629633    9    4    7    4
 0.001237514621266875    9    4    7    5
 -0.0004318163967658545    9    4    7    6
 0.00303193315279508    9    4    7    7
 -0.004961013133223615    9    4    8    1
 0.002168212004613449    9    4    8    2
 -0.0009925726329655985    9    4    8    3
 -0.009082888078912273    9    4    8    4
 0.02114605173033395    9    4    8    5
 -0.00389710357700906    9    4    8    6
 0.0008485370624248897    9    4    8    7
 -0.0605606826434762    9    4    8    8
 -0.007821378612007806    9    4    9    1
 0.003049025804757018    9    4    9    2
 -0.001278593327675866    9    4    9    3
 0.0236480124217667    9    4    9    4
 -0.04347556383180338    9    5    1    1
 0.00134234687094262    9    5    2    1
 -0.01271007263325497    9    5    2    2
 -0.0006156530708781096    9    5    3    1
 0.0003240655589348728    9    5    3    2
 -0.005677446853673612    9    5    3    3
 -0.0003482182657774591    9    5    4    1
 0.0002987048597421551    9    5    4    2
 -0.0001748941501933034    9    5    4    3
 0.0500536506840941    9    5    4    4
 -0.04199145446175489    9    5    5    1
 0.01449495193140653    9    5    5    2
 -0.005926426683393533    9    5    5    3
 0.03958730091450982    9    5    5    4
 -0.005583416086327721    9    5    5    5
 -0.008147007591486231    9    5    6    1
 0.003679465685951352    9    5    6    2
 -0.001389635130523388    9    5    6    3
 -0.001866609977956543    9    5    6    4
 -0.005010758279856223    9    5    6    5
 -0.047372982164276    9    5    6    6
 0.001267043382345678    9    5    7    1
 -0.0009560864457655152    9    5    7    2
 0.000680085791921236    9    5    7    3
 0.0003975501791973113    9    5    7    4
 0.001940673428954827    9    5    7    5
 0.0006609834406918793    9    5    7    6
 -0.005744651751571251    9    5    7    7
 -0.00183576387075158    9    5    8    1
 0.0008850489243277436    9    5    8    2
 -0.000386954702951434    9    5    8    3
 -0.009477962912175479    9    5    8    4
 -0.001826675713510213    9    5    8    5
 -0.0002969886127625772    9    5    8    6
 0.0001984449585862342    9    5    8    7
 0.05369748811666951    9    5    8    8
 -0.00653395360872476    9    5    9    1
 0.003865999912642506    9    5    9    2
 -0.002079042722622574    9    5    9    3
 -0.002833340527133288    9    5    9    4
 0.206590451261417    9    5    9    5
 0.01888015221805474    9    6    1    1
 -0.00849043215087684    9    6    2    1
 -0.009095906989174328    9    6    2    2
 0.002954058087783961    9    6    3    1
 -5.02285945602799e-05    9    6    3    2
 -0.002918518885859831    9    6    3    3
 -0.00269483118042666    9    6    4    1
 0.0001642840385330928    9    6    4    2
 -3.926401748012788e-05    9    6    4    3
 -0.01022849865971825    9    6    4    4
 0.0164857366548757    9    6    5    1
 -0.003170168910844394    9    6    5    2
 0.001225349537160955    9    6    5    3
 -0.008022806969969706    9    6    5    4
 0.01686363704127696    9    6    5    5
 0.04326477159544498    9    6    6    1
 -0.004279333591090915    9    6    6    2
 0.001518539847000756    9    6    6    3
 0.0003037966328717849    9    6    6    4
 -0.0001026454538036591    9    6    6    5
 0.02064048425661555    9    6    6    6
 -0.001423856022327787    9    6    7    1
 -0.0008089661237194332    9    6    7    2
 0.0003105416160540059    9    6    7    3
 4.541544222477892e-05    9    6    7    4
 -0.0003742537179393154    9    6    7    5
 -0.003089770145200789    9    6    7    6
 -0.003043706033667326    9    6    7    7
 6.205015236819495e-06    9    6    8    1
 2.905566944245517e-05    9    6    8    2
 -5.883499959330249e-05    9    6    8    3
 0.001197216908059603    9    6    8    4
 0.002800438347147785    9    6    8    5
 -0.003036769411369342    9    6    8    6
 4.72668423641566e-05    9    6    8    7
 -0.01088188740661864    9    6    8    8
 0.002333090444175144    9    6    9    1
 -0.0007767625387718237    9    6    9    2
 0.000513243658757657    9    6    9    3
 0.003132953690326504    9    6    9    4
 -0.04388643563121601    9    6    9    5
 0.01933009126759533    9    6    9    6
 -0.006367205732158003    9    7    1    1
 -1.548250509385477e-05    9    7    2    1
 -0.006498652052621361    9    7    2    2
 0.0006289154858593452    9    7    3    1
 -0.001411619633768103    9    7    3    2
 0.00295612683481208    9    7    3    3
 -0.0001366081925074088    9    7    4    1
 1.856293954659446e-05    9    7    4    2
 0.0001448690299623259    9    7    4    3
 0.002855998503546797    9    7    4    4
 -0.001200282915862118    9    7    5    1
 0.0005352473463728946    9    7    5    2
 -0.0005443198027723136    9    7    5    3
 0.001253713600309265    9    7    5    4
 0.001634674911553908    9    7    5    5
 -0.0002241842602836053    9    7    6    1
 -7.741218090504555e-05    9    7    6    2
 -0.0006875160680351407    9    7    6    3
 0.0003046395667694808    9    7    6    4
 -0.001446597291369497    9    7    6    5
 -0.006643869520523869    9    7    6    6
 0.0007564487938805689    9    7    7    1
 -0.002023037158917669    9    7    7    2
 0.006785273873497274    9    7    7    3
 0.0001115608771165128    9    7    7    4
 -0.0001093784145791253    9    7    7    5
 -0.0006913346889604112    9    7    7    6
 0.003137807414184025    9    7    7    7
 0.0003096880549009264    9    7    8    1
 -0.0001345597040985958    9    7    8    2
 -9.989664410995693e-05    9    7    8    3
 -0.000381483672764143    9    7    8    4
 8.058666906357671e-05    9    7    8    5
 -0.0001273926542268671    9    7    8    6
 -0.0001537509969917402    9    7    8    7
 0.003016335157459573    9    7    8    8
 -0.001643041244820092    9    7    9    1
 0.0006242117249334995    9    7    9    2
 6.684448969478174e-05    9    7    9    3
 2.780623002097611e-05    9    7    9    4
 0.006032856113773592    9    7    9    5
 -0.001391110549983034    9    7    9    6
 0.0005810503316088777    9    7    9    7
 -0.007467645552242099    9    8    1    1
 -7.24988642470063e-05    9    8    2    1
 -0.002368931444294711    9    8    2    2
 8.593538838953771e-06    9    8    3    1
 3.403006314926528e-05    9    8    3    2
 -0.0009115171729800274    9    8    3    3
 -0.003253469066660703    9    8    4    1
 0.00142170907454924    9    8    4    2
 -0.0006469414073681275    9    8    4    3
 0.01070260749560325    9    8    4    4
 -0.008020928125914968    9    8    5    1
 0.003084084980571968    9    8    5    2
 -0.001312887424148655    9    8    5    3
 0.01520996230168152    9    8    5    4
 0.01972790282748426    9    8    5    5
 -0.0008741012483300602    9    8    6    1
 0.0006356024791635606    9    8    6    2
 -0.0002397971424409064    9    8    6    3
 -0.0011926712110588    9    8    6    4
 -0.004515859429819998    9    8    6    5
 -0.008042828370122728    9    8    6    6
 0.0002332046342930766    9    8    7    1
 -0.0002073027344050867    9    8    7    2
 0.0001022949968826474    9    8    7    3
 0.0003734361520264631    9    8    7    4
 0.0008328176150596497    9    8    7    5
 -1.463192250752302e-05    9    8    7    6
 -0.0009376773305703667    9    8    7    7
 -0.001638313024448264    9    8    8    1
 0.0009164323259172436    9    8    8    2
 -0.0004589702727611575    9    8    8    3
 -0.04437808911862784    9    8    8    4
 0.00531379990118839    9    8    8    5
 -0.003688437116364255    9    8    8    6
 0.000734357422130059    9    8    8    7
 0.01166853180409834    9    8    8    8
 -0.004923017099860885    9    8    9    1
 0.001933614271911062    9    8    9    2
 -0.0008828087891033894    9    8    9    3
 0.002860274360448208    9    8    9    4
 0.04088432278783542    9    8    9    5
 -0.008461489806303858    9    8    9    6
 0.001369855075603675    9    8    9    7
 0.01799413148905442    9    8    9    8
 0.2081816676776914    9    9    1    1
 -0.01056745206861928    9    9    2    1
 0.09400459016405049    9    9    2    2
 0.005003148392946983    9    9    3    1
 -0.002678702359182595    9    9    3    2
 0.05923434532161662    9    9    3    3
 -0.01716134126677233    9    9    4    1
 0.006442640140562271    9    9    4    2
 -0.002585121638561643    9    9    4    3
 0.2099313057502069    9    9    4    4
 0.01153097602068964    9    9    5    1
 0.001393583074576625    9    9    5    2
 -0.001928220999572931    9    9    5    3
 0.01522093241407586    9    9    5    4
 0.5102610221874055    9    9    5    5
 0.04930675342527876    9    9    6    1
 -0.02041817993721888    9    9    6    2
 0.008753058992013542    9    9    6    3
 -0.0008867746199422239    9    9    6    4
 -0.06059977074100565    9    9    6    5
 0.2156525586683318    9    9    6    6
 -0.008639700062051043    9    9    7    1
 0.006337647126555145    9    9    7    2
 -0.005365463876467224    9    9    7    3
 -0.0003789916753530475    9    9    7    4
 0.0108416901117684    9    9    7    5
 -0.00501363060209914    9    9    7    6
 0.05938021011916889    9    9    7    7
 -0.002613270957911515    9    9    8    1
 -0.0001817255019701122    9    9    8    2
 0.0001834715242800755    9    9    8    3
 -0.04591690569619048    9    9    8    4
 0.05988000049529438    9    9    8    5
 -0.01848784691388323    9    9    8    6
 0.002720438461516185    9    9    8    7
 0.2164734356440928    9    9    8    8
 -0.05928211742724705    9    9    9    1
 0.02531192015675005    9    9    9    2
 -0.01101341356325117    9    9    9    3
 0.0593604235939652    9    9    9    4
 -0.004948624342806053    9    9    9    5
 0.01832322357017845    9    9    9    6
 0.001745854656746087    9    9    9    7
 0.02163837341154773    9    9    9    8
 0.5366004563099779    9    9    9    9
 0.05988364905136988   10    1    1    1
 0.0006645119788700248   10    1    2    1
 -0.05640684103804561   10    1    2    2
 0.002954281982045221   10    1    3    1
 -0.003884289325771719   10    1    3    2
 -0.02107669168637583   10    1    3    3
 -0.000441458459272385   10    1    4    1
 0.001468220555218549   10    1    4    2
 1.5996110625809e-05   10    1    4    3
 0.006960777713114711   10    1    4    4
 0.002916207374308156   10    1    5    1
 -0.003361776556328733   10    1    5    2
 -4.671784050188641e-05   10    1    5    3
 -0.0007066627782507103   10    1    5    4
 0.01900720540998914   10    1    5    5
 0.003411116396915456   10    1    6    1
 -0.02228730520316465   10    1    6    2
 0.00412571352044516   10    1    6    3
 -0.002892240145646937   10    1    6    4
 0.00811502771456751   10    1    6    5
 0.06113443348151761   10    1    6    6
 -0.004163263783508562   10    1    7    1
 -0.007728671544514135   10    1    7    2
 0.003870412448759211   10    1    7    3
 -8.734557386726162e-05   10    1    7    4
 0.000366616397152654   10    1    7    5
 -0.002788643038644937   10    1    7    6
 -0.02209191907429743   10    1    7    7
 -0.003028631262407153   10    1    8    1
 -0.001776287314045131   10    1    8    2
 7.848379600857866e-05   10    1    8    3
 -0.0009940921535152886   10    1    8    4
 0.001860897827793622   10    1    8    5
 -0.0005223030153375943   10    1    8    6
 6.588367748705239e-07   10    1    8    7
 0.00711092978356145   10    1    8    8
 0.009018018401175906   10    1    9    1
 0.004482855381328888   10    1    9    2
 -0.0003155501754962261   10    1    9    3
 0.0019016954481349   10    1    9    4
 -0.003355178982998333   10    1    9    5
 0.003891633451963636   10    1    9    6
 -4.970832100023992e-05   10    1    9    7
 -0.0006504085762600581   10    1    9    8
 0.0202841447196368   10    1    9    9
 0.02447595389371893   10    1   10    1
 -0.04347556383264317   10    2    1    1
 -0.04199145446172317   10    2    2    1
 -0.005583416085993068   10    2    2    2
 -0.0003482182657819917   10    2    3    1
 0.0395873009145453   10    2    3    2
 0.05005365068387292   10    2    3    3
 -0.0006156530708750539   10    2    4    1
 -0.005926426683429535   10    2    4    2
 -0.0001748941501869803   10    2    4    3
 -0.005677446853140366   10    2    4    4
 0.001342346870879544   10    2    5    1
 0.0144949519314581   10    2    5    2
 0.0002987048597434691   10    2    5    3
 0.000324065558926037   10    2    5    4
 -0.01271007263322303   10    2    5    5
 0.008147007591496877   10    2    6    1
 0.005010758277054616   10    2    6    2
 0.001866609978070109   10    2    6    3
 0.001389635130652241   10    2    6    4
 -0.003679465686219073   10    2    6    5
 -0.04737298216652089   10    2    6    6
 -0.00183576387041665   10    2    7    1
 -0.001826675713894555   10    2    7    2
 -0.009477962912137979   10    2    7    3
 -0.0003869547028759355   10    2    7    4
 0.0008850489241857531   10    2    7    5
 0.0002969886108408939   10    2    7    6
 0.05369748811618519   10    2    7    7
 0.001267043382278489   10    2    8    1
 0.001940673438198029   10    2    8    2
 0.0003975501794207162   10    2    8    3
 0.0006800857919855286   10    2    8    4
 -0.0009560864457509912   10    2    8    5
 -0.0006609834392897808   10    2    8    6
 0.0001984449583432963   10    2    8    7
 -0.005744651750499818   10    2    8    8
 -0.003355178983075057   10    2    9    1
 -0.003547133063679185   10    2    9    2
 -0.000927516660172166   10    2    9    3
 -0.000952314148996037   10    2    9    4
 0.00157253826340344   10    2    9    5
 0.001079047658627253   10    2    9    6
 -0.0003654558213741351   10    2    9    7
 0.0002515681245703301   10    2    9    8
 -0.01301655815489094   10    2    9    9
 -0.006533953608965487   10    2   10    1
 0.2065904512612958   10    2   10    2
 0.01753204134820698   10    3    1    1
 0.002143793081132394   10    3    2    1
 0.05636628504058934   10    3    2    2
 -0.004194046052883917   10    3    3    1
 0.004703047211993933   10    3    3    2
 -0.05959395600060002   10    3    3    3
 0.0004385863834245546   10    3    4    1
 -7.10685538423309e-05   10    3    4    2
 -0.0009234352682230437   10    3    4    3
 0.003004220364633243   10    3    4    4
 -0.0009155361620278909   10    3    5    1
 -0.0001820920301331723   10    3    5    2
 0.001966985518796974   10    3    5    3
 -0.0002329876624995726   10    3    5    4
 0.006214788746317665   10    3    5    5
 -0.003641986230502982   10    3    6    1
 0.007785212463602301   10    3    6    2
 0.005128830481722837   10    3    6    3
 -0.0008043580108155435   10    3    6    4
 0.001935732779261409   10    3    6    5
 0.01845832527529886   10    3    6    6
 -0.004961013133345914   10    3    7    1
 0.0211460517305671   10    3    7    2
 -0.009082888077954982   10    3    7    3
 -0.0009925726329988336   10    3    7    4
 0.002168212004672717   10    3    7    5
 0.003897103577853038   10    3    7    6
 -0.06056068264320584   10    3    7    7
 -0.0007884276192513329   10    3    8    1
 0.001237514620507265   10    3    8    2
 0.001042143742022177   10    3    8    3
 -0.0003840214723800739   10    3    8    4
 0.0005647554055482955   10    3    8    5
 0.0004318163966448881   10    3    8    6
 0.0008485370647432014   10    3    8    7
 0.003031933152478994   10    3    8    8
 0.001901695448018921   10    3    9    1
 -0.002960850748299707   10    3    9    2
 -0.002275855679260121   10    3    9    3
 0.0005633815389530993   10    3    9    4
 -0.0009523141489342327   10    3    9    5
 -0.0007946441233537937   10    3    9    6
 -0.001803938574024369   10    3    9    7
 -0.0002003624401170923   10    3    9    8
 0.006327348075384002   10    3    9    9
 -0.007821378611953164   10    3   10    1
 -0.002833340527063273   10    3   10    2
 0.02364801242171207   10    3   10    3
 -0.0008806994132620523   10    4    1    1
 0.000496578197301841   10    4    2    1
 -0.01045535464728179   10    4    2    2
 0.0003029756818791563   10    4    3    1
 -0.0007242998934506148   10    4    3    2
 -0.004640824449099314   10    4    3    3
 0.0004265218176508593   10    4    4    1
 -9.201492609786532e-05   10    4    4    2
 0.0001620950280877286   10    4    4    3
 0.01171721430432199   10    4    4    4
 2.416491590292919e-06   10    4    5    1
 -0.0002584276028027279   10    4    5    2
 -0.0001253068593375095   10    4    5    3
 -0.0009621773783783363   10    4    5    4
 0.0006362519007186274   10    4    5    5
 -0.0008552713346474392   10    4    6    1
 -0.001869638630727971   10    4    6    2
 0.0001004462108195945   10    4    6    3
 0.0008876800519529195   10    4    6    4
 -0.0003770590976789166   10    4    6    5
 -0.0009077698718206873   10    4    6    6
 -8.197906796066275e-05   10    4    7    1
 -0.001279026794500329   10    4    7    2
 0.0006927860481187233   10    4    7    3
 -0.0001920443894144036   10    4    7    4
 7.044324132848514e-05   10    4    7    5
 -0.0003095248000478224   10    4    7    6
 -0.004833015479085138   10    4    7    7
 0.0008510639886751663   10    4    8    1
 -0.0006661428866544175   10    4    8    2
 0.000189071903459509   10    4    8    3
 0.002889359000135107   10    4    8    4
 -0.002069024639843701   10    4    8    5
 0.0003857946916152709   10    4    8    6
 -0.000155342618236751   10    4    8    7
 0.01199195214849841   10    4    8    8
 -0.0003155501758613484   10    4    9    1
 0.000763928249257258   10    4    9    2
 -7.236702247877009e-05   10    4    9    3
 -0.002275855678665558   10    4    9    4
 -0.0009275166597989164   10    4    9    5
 1.811940360399209e-05   10    4    9    6
 0.0001268123675210056   10    4    9    7
 -0.0007334120053182723   10    4    9    8
 0.0006838701103314544   10    4    9    9
 0.002005186873891516   10    4   10    1
 -0.002079042722632562   10    4   10    2
 -0.001278593327676601   10    4   10    3
 0.0006948919477334913   10    4   10    4
 -0.0007201945743826398   10    5    1    1
 -0.0007414057585122922   10    5    2    1
 0.02398626836883166   10    5    2    2
 -0.0008320325555747869   10    5    3    1
 0.001564478064926614   10    5    3    2
 0.009926400972802844   10    5    3    3
 0.0007579741857882254   10    5    4    1
 -0.0005680900833341882   10    5    4    2
 -5.447942965360525e-06   10    5    4    3
 -0.009720663529275928   10    5    4    4
 0.0008828483182862034   10    5    5    1
 -8.700720154935636e-06   10    5    5    2
 0.0005848291358755751   10    5    5    3
 -0.001452466821848986   10    5    5    4
 -0.02435108016515913   10    5    5    5
 0.001884773383870388   10    5    6    1
 0.004809046968078635   10    5    6    2
 -0.0003809450884575658   10    5    6    3
 -0.0003513362752452702   10    5    6    4
 0.004907198179555664   10    5    6    5
 -0.0008733000733095622   10    5    6    6
 0.0003383850260834956   10    5    7    1
 0.003037872735263674   10    5    7    2
 -0.001591510801442709   10    5    7    3
 6.45593949181219e-05   10    5    7    4
 -0.0007696435695983516   10    5    7    5
 0.0008528110015845303   10    5    7    6
 0.01035759471162539   10    5    7    7
 -0.0002110676064551123   10    5    8    1
 0.0007403563854858298   10    5    8    2
 -5.633230867674545e-05   10    5    8    3
 0.001450317858376631   10    5    8    4
 -0.003200440332086517   10    5    8    5
 0.0008955850705822244   10    5    8    6
 -7.594861238783621e-06   10    5    8    7
 -0.01022226834183337   10    5    8    8
 0.004482855382027248   10    5    9    1
 -0.003213743589362049   10    5    9    2
 0.0007639282492012935   10    5    9    3
 -0.00296085074937898   10    5    9    4
 -0.003547133061212897   10    5    9    5
 0.0004021092104015619   10    5    9    6
 -0.0005618574016590987   10    5    9    7
 -0.001817044044696009   10    5    9    8
 -0.02505808336316078   10    5    9    9
 -0.005146913202674843   10    5   10    1
 0.003865999912689774   10    5   10    2
 0.003049025804761524   10    5   10    3
 -0.0008112798914075326   10    5   10    4
 0.003358240615726457   10    5   10    5
 -0.01888015221344524   10    6    1    1
 -0.01648573665499557   10    6    2    1
 -0.0168636370462983   10    6    2    2
 0.002694831180799525   10    6    3    1
 0.008022806969489099   10    6    3    2
 0.01022849865779203   10    6    3    3
 -0.002954058088007447   10    6    4    1
 -0.001225349537001736   10    6    4    2
 3.926401747658926e-05   10    6    4    3
 0.002918518886173718   10    6    4    4
 0.008490432151501011   10    6    5    1
 0.003170168910520601   10    6    5    2
 -0.0001642840385510692   10    6    5    3
 5.022859457392424e-05   10    6    5    4
 0.009095906991974696   10    6    5    5
 0.0432647715973008   10    6    6    1
 -0.0001026454563260381   10    6    6    2
 0.0003037966332593663   10    6    6    3
 0.001518539846784905   10    6    6    4
 -0.004279333590690725   10    6    6    5
 -0.02064048425242981   10    6    6    6
 -6.205014835113194e-06   10    6    7    1
 -0.002800438347984858   10    6    7    2
 -0.001197216907101036   10    6    7    3
 5.883499957768037e-05   10    6    7    4
 -2.905566938813025e-05   10    6    7    5
 -0.003036769412805258   10    6    7    6
 0.01088188740444474   10    6    7    7
 0.00142385602244758   10    6    8    1
 0.0003742537198481469   10    6    8    2
 -4.541544233116457e-05   10    6    8    3
 -0.0003105416168985561   10    6    8    4
 0.0008089661241334925   10    6    8    5
 -0.003089770144727833   10    6    8    6
 -4.726684232995101e-05   10    6    8    7
 0.003043706034038227   10    6    8    8
 -0.003891633450821426   10    6    9    1
 -0.0004021092106305147   10    6    9    2
 -1.811940364430378e-05   10    6    9    3
 0.0007946441237930858   10    6    9    4
 -0.001079047659501295   10    6    9    5
 0.008974603946447633   10    6    9    6
 0.0001754228001156691   10    6    9    7
 0.0001848675670079721   10    6    9    8
 0.009747627995953327   10    6    9    9
 -0.002333090441755979   10    6   10    1
 0.04388643563029176   10    6   10    2
 -0.003132953690990324   10    6   10    3
 -0.0005132436585716317   10    6   10    4
 0.0007767625382118169   10    6   10    5
 0.01933009126787859   10    6   10    6
 -0.007467645554114524   10    7    1    1
 -0.008020928126317673   10    7    2    1
 0.01972790282631937   10    7    2    2
 -0.003253469066575608   10    7    3    1
 0.0152099623019081   10    7    3    2
 0.01070260749734506   10    7    3    3
 8.593538826879979e-06   10    7    4    1
 -0.001312887424219402   10    7    4    2
 -0.0006469414073416433   10    7    4    3
 -0.0009115171725647307   10    7    4    4
 -7.24988643165913e-05   10    7    5    1
 0.003084084980771117   10    7    5    2
 0.001421709074486222   10    7    5    3
 3.40300632273628e-05   10    7    5    4
 -0.002368931444678396   10    7    5    5
 0.0008741012488451729   10    7    6    1
 0.004515859429263512   10    7    6    2
 0.001192671211353799   10    7    6    3
 0.0002397971425729968   10    7    6    4
 -0.000635602479455376   10    7    6    5
 -0.008042828372421313   10    7    6    6
 -0.001638313024232398   10    7    7    1
 0.005313799900709257   10    7    7    2
 -0.04437808911850456   10    7    7    3
 -0.0004589702727279177   10    7    7    4
 0.0009164323258421966   10    7    7    5
 0.003688437115782069   10    7    7    6
 0.01166853180607934   10    7    7    7
 0.0002332046342529786   10    7    8    1
 0.0008328176167162983   10    7    8    2
 0.000373436153650003   10    7    8    3
 0.0001022949971966608   10    7    8    4
 -0.0002073027344836985   10    7    8    5
 1.463192264420553e-05   10    7    8    6
 0.0007343574225018141   10    7    8    7
 -0.0009376773300549815   10    7    8    8
 -0.0006504085765432126   10    7    9    1
 -0.001817044044847698   10    7    9    2
 -0.0007334120072634373   10    7    9    3
 -0.0002003624402459687   10    7    9    4
 0.0002515681253088567   10    7    9    5
 -0.0001848675670669174   10    7    9    6
 -0.001618667172026381   10    7    9    7
 1.138099683687314e-05   10    7    9    8
 -0.002483974774545949   10    7    9    9
 -0.004923017100035052   10    7   10    1
 0.04088432278941913   10    7   10    2
 0.002860274359773648   10    7   10    3
 -0.0008828087890972162   10    7   10    4
 0.001933614271907372   10    7   10    5
 0.008461489806190341   10    7   10    6
 0.017994131489552   10    7   10    7
 -0.006367205727063258   10    8    1    1
 -0.001200282915066623   10    8    2    1
 0.001634674930717961   10    8    2    2
 -0.0001366081932105547   10    8    3    1
 0.001253713600592724   10    8    3    2
 0.002855998510660079   10    8    3    3
 0.0006289154858565432   10    8    4    1
 -0.0005443198026669962   10    8    4    2
 0.0001448690297774159   10    8    4    3
 0.002956126814174849   10    8    4    4
 -1.548250507080725e-05   10    8    5    1
 0.0005352473461223784   10    8    5    2
 1.856293990454975e-05   10    8    5    3
 -0.001411619633963872   10    8    5    4
 -0.006498652057546352   10    8    5    5
 0.0002241842577388027   10    8    6    1
 0.001446597294134409   10    8    6    2
 -0.000304639566916151   10    8    6    3
 0.0006875160664860016   10    8    6    4
 7.741218278246084e-05   10    8    6    5
 -0.00664386951519549   10    8    6    6
 0.0003096880550254907   10    8    7    1
 8.058667139246357e-05   10    8    7    2
 -0.0003814836731956077   10    8    7    3
 -9.989664352136026e-05   10    8    7    4
 -0.0001345597043976879   10    8    7    5
 0.0001273926548741451   10    8    7    6
 0.003016335164817217   10    8    7    7
 0.0007564487922956551   10    8    8    1
 -0.0001093784133067877   10    8    8    2
 0.0001115608768468727   10    8    8    3
 0.006785273873287648   10    8    8    4
 -0.002023037156005178   10    8    8    5
 0.0006913346889549622   10    8    8    6
 -0.000153750996664615   10    8    8    7
 0.003137807392508373   10    8    8    8
 -4.97083191120901e-05   10    8    9    1
 -0.0005618574032056793   10    8    9    2
 0.0001268123677623595   10    8    9    3
 -0.001803938571088965   10    8    9    4
 -0.0003654558239287405   10    8    9    5
 -0.0001754228000768988   10    8    9    6
 -1.228180577314404e-05   10    8    9    7
 -0.001618667172572101   10    8    9    8
 -0.006772012799079033   10    8    9    9
 -0.001643041247649328   10    8   10    1
 0.006032856112867875   10    8   10    2
 2.78062323827787e-05   10    8   10    3
 6.684448838612566e-05   10    8   10    4
 0.0006242117265281489   10    8   10    5
 0.001391110548734993   10    8   10    6
 0.001369855076153403   10    8   10    7
 0.0005810503314005635   10    8   10    8
 0.01897154725473123   10    9    1    1
 0.003014348080189556   10    9    2    1
 -0.0007626836562404259   10    9    2    2
 0.0002345596418109457   10    9    3    1
 -0.002986984476248021   10    9    3    2
 -0.005732479265495693   10    9    3    3
 0.0002345596416143494   10    9    4    1
 0.000554048857543756   10    9    4    2
 -1.831349809692408e-05   10    9    4    3
 -0.005732479264339044   10    9    4    4
 0.003014348081173217   10    9    5    1
 -0.002571119442534407   10    9    5    2
 0.000554048857578038   10    9    5    3
 -0.002986984476817121   10    9    5    4
 -0.0007626836518787653   10    9    5    5
 1.222666771091352e-12   10    9    6    1
 -0.003420864186472159   10    9    6    2
 0.000824150153897046   10    9    6    3
 -0.0008241501537320335   10    9    6    4
 0.003420864185838984   10    9    6    5
 0.01975768326856997   10    9    6    6
 -0.0008549655151516444   10    9    7    1
 0.0001752177162016928   10    9    7    2
 0.0007699366311877499   10    9    7    3
 -1.23029289700976e-06   10    9    7    4
 -0.00023308457910352   10    9    7    5
 -0.0002006331840508053   10    9    7    6
 -0.006073090358821558   10    9    7    7
 -0.0008549655147588341   10    9    8    1
 -0.0002330845799297663   10    9    8    2
 -1.230292858026152e-06   10    9    8    3
 0.0007699366326679094   10    9    8    4
 0.0001752177166375355   10    9    8    5
 0.0002006331840459093   10    9    8    6
 1.736351409766094e-05   10    9    8    7
 -0.006073090357715225   10    9    8    8
 0.003958748664945394   10    9    9    1
 -0.0001055020687334702   10    9    9    2
 0.0002796139407470285   10    9    9    3
 0.0003037397204404705   10    9    9    4
 -0.01477453062281129   10    9    9    5
 0.003571721656600809   10    9    9    6
 -0.000594079809810212   10    9    9    7
 -0.003231280304205265   10    9    9    8
 -0.0008127389383064496   10    9    9    9
 0.003958748665809819   10    9   10    1
 -0.01477453062049629   10    9   10    2
 0.0003037397199004467   10    9   10    3
 0.0002796139408294162   10    9   10    4
 -0.0001055020692836628   10    9   10    5
 -0.003571721655138538   10    9   10    6
 -0.003231280303794436   10    9   10    7
 -0.0005940798094843386   10    9   10    8
 0.002784734492502727   10    9   10    9
 0.2081816676780556   10   10    1    1
 0.01153097602027043   10   10    2    1
 0.5102610221868885   10   10    2    2
 -0.01716134126669764   10   10    3    1
 0.01522093241424016   10   10    3    2
 0.2099313057502199   10   10    3    3
 0.005003148392863171   10   10    4    1
 -0.001928220999534398   10   10    4    2
 -0.002585121638584235   10   10    4    3
 0.05923434532130399   10   10    4    4
 -0.01056745206830535   10   10    5    1
 0.001393583074636085   10   10    5    2
 0.00644264014059304   10   10    5    3
 -0.002678702359131085   10   10    5    4
 0.09400459016486827   10   10    5    5
 -0.04930675342328074   10   10    6    1
 0.06059977074049031   10   10    6    2
 0.0008867746196301342   10   10    6    3
 -0.008753058991934638   10   10    6    4
 0.02041817993692159   10   10    6    5
 0.215652558669032   10   10    6    6
 -0.002613270959507776   10   10    7    1
 0.05988000049740892   10   10    7    2
 -0.04591690569676769   10   10    7    3
 0.0001834715237717235   10   10    7    4
 -0.0001817255010319349   10   10    7    5
 0.01848784691421107   10   10    7    6
 0.2164734356451258   10   10    7    7
 -0.00863970006509503   10   10    8    1
 0.01084169011011752   10   10    8    2
 -0.0003789916711657248   10   10    8    3
 -0.005365463877627447   10   10    8    4
 0.006337647128066345   10   10    8    5
 0.005013630602180043   10   10    8    6
 0.002720438457516688   10   10    8    7
 0.05938021011889454   10   10    8    8
 0.02028414471948774   10   10    9    1
 -0.02505808335955436   10   10    9    2
 0.0006838701075943952   10   10    9    3
 0.006327348075606617   10   10    9    4
 -0.01301655815526843   10   10    9    5
 -0.009747627992634981   10   10    9    6
 -0.006772012793889901   10   10    9    7
 -0.002483974774078483   10   10    9    8
 0.09482519344893997   10   10    9    9
 -0.0592821174272148   10   10   10    1
 -0.004948624341707187   10   10   10    2
 0.05936042359378321   10   10   10    3
 -0.01101341356311292   10   10   10    4
 0.02531192015661401   10   10   10    5
 -0.01832322357508545   10   10   10    6
 0.02163837341050131   10   10   10    7
 0.001745854676977728   10   10   10    8
 -0.0008127389429283243   10   10   10    9
 0.5366004563088562   10   10   10   10
 -1.982086854817224    1    1  0  0
 -0.04287599899822651    2    1  0  0
 -1.922118502889241    2    2  0  0
 0.02243354678272306    3    1  0  0
 -0.05629553934194205    3    2  0  0
 -1.643776143892274    3    3  0  0
 0.02243354678259019    4    1  0  0
 -0.01295319037397696    4    2  0  0
 0.008957682599619326    4    3  0  0
 -1.643776143892258    4    4  0  0
 -0.04287599899820975    5    1  0  0
 0.01767681460866033    5    2  0  0
 -0.01295319037396081    5    3  0  0
 -0.05629553934196516    5    4  0  0
 -1.922118502889226    5    5  0  0
 -1.822273838254081e-13    6    1  0  0
 0.02242601424717462    6    2  0  0
 -0.02596113605388449    6    3  0  0
 0.02596113605318977    6    4  0  0
 -0.02242601424710939    6    5  0  0
 -1.746708940809851    6    6  0  0
 0.0177174988428904    7    1  0  0
 -0.04111313315448373    7    2  0  0
 0.1367803578593558    7    3  0  0
 -0.001067271420389482    7    4  0  0
 -0.006101073145155369    7    5  0  0
 -0.006188080086257561    7    6  0  0
 -1.416337416524388    7    7  0  0
 0.01771749884215069    8    1  0  0
 -0.006101073142005997    8    2  0  0
 -0.001067271428073492    8    3  0  0
 0.1367803578598979    8    4  0  0
 -0.04111313315458372    8    5  0  0
 0.006188080080303531    8    6  0  0
 -0.005385106752142118    8    7  0  0
 -1.416337416523086    8    8  0  0
 -0.001728681632462594    9    1  0  0
 -0.004176574162226701    9    2  0  0
 0.01022025141467392    9    3  0  0
 -0.06335220701596372    9    4  0  0
 0.03446912490100164    9    5  0  0
 0.04738960052481467    9    6  0  0
 0.005798049575600072    9    7  0  0
 0.03823464836025676    9    8  0  0
 -1.68738943590109    9    9  0  0
 -0.001728681633232976   10    1  0  0
 0.03446912490140426   10    2  0  0
 -0.06335220701566842   10    3  0  0
 0.01022025140825687   10    4  0  0
 -0.004176574160358914   10    5  0  0
 -0.04738960052590199   10    6  0  0
 0.03823464836125078   10    7  0  0
 0.005798049562304098   10    8  0  0
 -0.001847120291751609   10    9  0  0
 -1.687389435902789   10   10  0  0
 6.37978775367589  0  0  0  0
