 &FCI NORB=  10,NELEC=10,MS2=0,
  ORBSYM=1,1,1,1,1,1,1,1,1,1,
  ISYM=1,
 &END
 0.493071314545613    1    1    1    1
 0.01317257415307202    2    1    1    1
 0.01716052712307833    2    1    2    1
 0.2006737553547251    2    2    1    1
 0.01088213860336263    2    2    2    1
 0.4965906562563412    2    2    2    2
 0.0002401623681754579    3    1    1    1
 -0.002705458272320296    3    1    2    1
 -0.01616564197476256    3    1    2    2
 0.002397246707534359    3    1    3    1
 -0.008130973285975774    3    2    1    1
 -0.007983985489104718    3    2    2    1
 0.0141349757651994    3    2    2    2
 -0.003343245505180297    3    2    3    1
 0.01602330815075815    3    2    3    2
 0.09315015967232941    3    3    1    1
 -0.01074338860646707    3    3    2    1
 0.2017810608585175    3    3    2    2
 0.00408428211852662    3    3    3    1
 0.004084694637634965    3    3    3    2
 0.5181630978945201    3    3    3    3
 0.0002401623683191681    4    1    1    1
 0.002860886261828397    4    1    2    1
 0.004617162564700093    4    1    2    2
 -0.0009500839221285862    4    1    3    1
 -3.47162621550329e-05    4    1    3    2
 0.001563216904370224    4    1    3    3
 0.002397246707531003    4    1    4    1
 0.006009553138300935    4    2    1    1
 0.001262485251203167    4    2    2    1
 -0.001867919628440755    4    2    2    2
 0.000125448161773121    4    2    3    1
 -0.001251672111750234    4    2    3    2
 -0.002801564187007059    4    2    3    3
 -0.0006597936283350168    4    2    4    1
 0.0005587674173109579    4    2    4    2
 -0.002323103376630617    4    3    1    1
 -9.616522871336185e-06    4    3    2    1
 -0.002448628727881306    4    3    2    2
 0.000293285892140452    4    3    3    1
 -0.0006854256336743445    4    3    3    2
 0.001953395440266837    4    3    3    3
 0.0002932858921376691    4    3    4    1
 -0.0001493505491333861    4    3    4    2
 0.0001395357979399577    4    3    4    3
 0.09315015967232554    4    4    1    1
 -0.003083229263577881    4    4    2    1
 0.05903981286000833    4    4    2    2
 0.001563216904350176    4    4    3    1
 -0.0009716895963449118    4    4    3    2
 0.04321461561870291    4    4    3    3
 0.004084282118369855    4    4    4    1
 -0.00331157268344827    4    4    4    2
 0.001953395440259925    4    4    4    3
 0.5181630978945263    4    4    4    4
 0.01317257415304844    5    1    1    1
 -0.008449443331908151    5    1    2    1
 -0.009650421014176591    5    1    2    2
 0.002860886261822132    5    1    3    1
 2.257427640027447e-05    5    1    3    2
 -0.003083229263588346    5    1    3    3
 -0.002705458272313635    5    1    4    1
 8.100948436658712e-05    5    1    4    2
 -9.616522868616826e-06    5    1    4    3
 -0.01074338860645608    5    1    4    4
 0.01716052712308379    5    1    5    1
 -0.01731202731830683    5    2    1    1
 -0.003198116307262332    5    2    2    1
 0.001363568569989428    5    2    2    2
 -0.0001927448733261922    5    2    3    1
 0.002981084748974091    5    2    3    2
 0.00561679890345551    5    2    3    3
 -0.0001927448733325791    5    2    4    1
 -0.0005641110990421188    5    2    4    2
 1.694129408567886e-05    5    2    4    3
 0.005616798903436348    5    2    4    4
 -0.003198116307259779    5    2    5    1
 0.002622388380440545    5    2    5    2
 0.006009553138290594    5    3    1    1
 8.100948436947492e-05    5    3    2    1
 0.006097191468790188    5    3    2    2
 -0.0006597936283405518    5    3    3    1
 0.00148961883410541    5    3    3    2
 -0.003311572683427689    5    3    3    3
 0.0001254481617781304    5    3    4    1
 -1.035586796433246e-05    5    3    4    2
 -0.000149350549133505    5    3    4    3
 -0.002801564187009999    5    3    4    4
 0.001262485251195355    5    3    5    1
 -0.0005641110990391175    5    3    5    2
 0.0005587674173105062    5    3    5    3
 -0.008130973285969838    5    4    1    1
 2.257427639679648e-05    5    4    2    1
 -0.002551761348710145    5    4    2    2
 -3.471626215064892e-05    5    4    3    1
 5.55208064447046e-05    5    4    3    2
 -0.0009716895963460975    5    4    3    3
 -0.003343245505184611    5    4    4    1
 0.001489618834102927    5    4    4    2
 -0.0006854256336739569    5    4    4    3
 0.004084694637624899    5    4    4    4
 -0.007983985489101201    5    4    5    1
 0.002981084748968905    5    4    5    2
 -0.001251672111747631    5    4    5    3
 0.01602330815075384    5    4    5    4
 0.2006737553547395    5    5    1    1
 -0.009650421014161741    5    5    2    1
 0.09318585172799898    5    5    2    2
 0.004617162564646749    5    5    3    1
 -0.002551761348705068    5    5    3    2
 0.05903981286000724    5    5    3    3
 -0.01616564197476211    5    5    4    1
 0.006097191468777492    5    5    4    2
 -0.00244862872787605    5    5    4    3
 0.2017810608585104    5    5    4    4
 0.01088213860339591    5    5    5    1
 0.001363568569943568    5    5    5    2
 -0.001867919628464607    5    5    5    3
 0.01413497576521223    5    5    5    4
 0.496590656256335    5    5    5    5
 -6.97466417376876e-13    6    1    1    1
 0.04165869132286595    6    1    2    1
 0.04553819333336498    6    1    2    2
 -0.0130969985755178    6    1    3    1
 -0.001222465981980502    6    1    3    2
 0.01352987197360559    6    1    3    3
 0.01309699857547873    6    1    4    1
 0.0001444676472498298    6    1    4    2
 -8.57849269882581e-15    6    1    4    3
 -0.01352987197360014    6    1    4    4
 -0.04165869132291698    6    1    5    1
 4.2586034045081e-14    6    1    5    2
 -0.0001444676472410904    6    1    5    3
 0.001222465982045825    6    1    5    4
 -0.04553819333266954    6    1    5    5
 0.2042415963010691    6    1    6    1
 0.05731284698571638    6    2    1    1
 0.001610651310053004    6    2    2    1
 -0.05933746991415903    6    2    2    2
 0.002712004037666513    6    2    3    1
 -0.003583192906928948    6    2    3    2
 -0.02064865242992493    6    2    3    3
 -0.00053865296501003    6    2    4    1
 0.001570135735864765    6    2    4    2
 -1.284254142538409e-05    6    2    4    3
 0.006960509259377054    6    2    4    4
 0.003236028593376043    6    2    5    1
 -0.003642208635613159    6    2    5    2
 3.648285808620776e-05    6    2    5    3
 -0.000786328873032542    6    2    5    4
 0.01941989242300517    6    2    5    5
 -0.004624709169877574    6    2    6    1
 0.02459996625277984    6    2    6    2
 -0.021945639654656    6    3    1    1
 0.0002893917902994393    6    3    2    1
 -0.0009364421722892702    6    3    2    2
 0.0005438915827545115    6    3    3    1
 -0.001697755026109476    6    3    3    2
 0.02449905656328457    6    3    3    3
 0.0001964497822327412    6    3    4    1
 -0.0003097977953262693    6    3    4    2
 0.0003397186272704323    6    3    4    3
 -0.003277244916536356    6    3    4    4
 -0.001187317476175513    6    3    5    1
 0.0008091483708039947    6    3    5    2
 -0.0007225619768234835    6    3    5    3
 0.0002991427742536378    6    3    5    4
 -0.008365792724292075    6    3    5    5
 0.002810408820675381    6    3    6    1
 -0.004449011469200654    6    3    6    2
 0.003076518286022286    6    3    6    3
 0.02194563965453874    6    4    1    1
 0.001187317476195553    6    4    2    1
 0.008365792724427265    6    4    2    2
 -0.0001964497822558959    6    4    3    1
 -0.0002991427742368474    6    4    3    2
 0.003277244916538618    6    4    3    3
 -0.0005438915828341156    6    4    4    1
 0.0007225619768686041    6    4    4    2
 -0.0003397186272916987    6    4    4    3
 -0.02449905656241461    6    4    4    4
 -0.0002893917903669457    6    4    5    1
 -0.0008091483707890884    6    4    5    2
 0.0003097977953266888    6    4    5    3
 0.001697755026512384    6    4    5    4
 0.0009364421718805566    6    4    5    5
 0.002810408820714792    6    4    6    1
 0.002896788361301963    6    4    6    2
 -0.001057985208189057    6    4    6    3
 0.003076518286002469    6    4    6    4
 -0.05731284698524458    6    5    1    1
 -0.003236028593386897    6    5    2    1
 -0.01941989242325755    6    5    2    2
 0.0005386529650530138    6    5    3    1
 0.0007863288729981062    6    5    3    2
 -0.006960509259351377    6    5    3    3
 -0.002712004037658219    6    5    4    1
 -3.648285810712455e-05    6    5    4    2
 1.284254144005212e-05    6    5    4    3
 0.0206486524298831    6    5    4    4
 -0.001610651309425436    6    5    5    1
 0.003642208635382835    6    5    5    2
 -0.001570135735786131    6    5    5    3
 0.003583192906307244    6    5    5    4
 0.05933746991385679    6    5    5    5
 -0.004624709169584209    6    5    6    1
 -0.008199255557743746    6    5    6    2
 0.002896788361339369    6    5    6    3
 -0.004449011469369021    6    5    6    4
 0.02459996625254317    6    5    6    5
 0.506809350191449    6    6    1    1
 0.01407165410150073    6    6    2    1
 0.2085315084949594    6    6    2    2
 0.0001825835232276831    6    6    3    1
 -0.008961490429677825    6    6    3    2
 0.09401130358707961    6    6    3    3
 0.0001825835232828016    6    6    4    1
 0.006346245206397974    6    6    4    2
 -0.002436594519433549    6    6    4    3
 0.09401130358689774    6    6    4    4
 0.01407165410209843    6    6    5    1
 -0.01837841005276706    6    6    5    2
 0.006346245206436583    6    6    5    3
 -0.00896149042997982    6    6    5    4
 0.2085315084952375    6    6    5    5
 -1.697822400391655e-12    6    6    6    1
 0.06026145403068779    6    6    6    2
 -0.02314858828363951    6    6    6    3
 0.02314858828345289    6    6    6    4
 -0.06026145403012633    6    6    6    5
 0.533123633400624    6    6    6    6
 -0.02215044580875486    7    1    1    1
 -0.00108504366953856    7    1    2    1
 -0.008185531827618553    7    1    2    2
 0.0001709612148009296    7    1    3    1
 0.0002696533966114001    7    1    3    2
 -0.003266462132158065    7    1    3    3
 0.0005183970204290404    7    1    4    1
 -0.0007015530790754704    7    1    4    2
 0.0003320375053101358    7    1    4    3
 0.02387765817655031    7    1    4    4
 0.0004411170993651482    7    1    5    1
 0.000724920723493057    7    1    5    2
 -0.0002773964139863192    7    1    5    3
 -0.00154439898935509    7    1    5    4
 -0.002389789242900064    7    1    5    5
 -0.002604962667489765    7    1    6    1
 -0.002799288204373403    7    1    6    2
 0.001031327142422349    7    1    6    3
 -0.002932137200148062    7    1    6    4
 0.003800660586517719    7    1    6    5
 -0.02278952765268877    7    1    6    6
 0.003063048151095933    7    1    7    1
 0.001268152596132917    7    2    1    1
 -0.0005699954038624148    7    2    2    1
 0.01054931981380274    7    2    2    2
 -0.0002679102920314571    7    2    3    1
 0.00067736341861566    7    2    3    2
 0.004536217950840231    7    2    3    3
 -0.0004171820203504008    7    2    4    1
 8.636222511094627e-05    7    2    4    2
 -0.000157527964276864    7    2    4    3
 -0.01148817314751751    7    2    4    4
 1.909729468309583e-06    7    2    5    1
 0.0002653660554841861    7    2    5    2
 0.0001170767582423337    7    2    5    3
 0.000876521600690427    7    2    5    4
 -0.0001873811246998238    7    2    5    5
 -0.0008859107900201411    7    2    6    1
 -0.00193985767900924    7    2    6    2
 9.912359590318929e-05    7    2    6    3
 0.000869083332259422    7    2    6    4
 -0.0003063529632395087    7    2    6    5
 0.001357051664875998    7    2    6    6
 -0.000919202131239401    7    2    7    1
 0.0006934674399199391    7    2    7    2
 -5.403579743569438e-05    7    3    1    1
 4.956912580288822e-05    7    3    2    1
 -0.0003685236566958949    7    3    2    2
 -0.0002289304532437204    7    3    3    1
 0.0004755684937199939    7    3    3    2
 -0.005439253388052137    7    3    3    3
 0.0002229134705925889    7    3    4    1
 -0.0001057495311907532    7    3    4    2
 -8.480279696532761e-07    7    3    4    3
 0.00535382688891391    7    3    4    4
 -4.29785215352809e-05    7    3    5    1
 -1.62778311517857e-06    7    3    5    2
 0.0001085392782055654    7    3    5    3
 -0.0004391175577063785    7    3    5    4
 0.000187398611077002    7    3    5    5
 0.000411846902521428    7    3    6    1
 0.0001005927663257873    7    3    6    2
 -0.0003845304930062451    7    3    6    3
 -0.0003743070102566793    7    3    6    4
 6.144489993856164e-05    7    3    6    5
 -5.917939153578269e-05    7    3    6    6
 0.0003973860167544581    7    3    7    1
 -0.0002000185728297116    7    3    7    2
 0.0001684582952468996    7    3    7    3
 -0.01193052467300467    7    4    1    1
 0.0003725873003012908    7    4    2    1
 -0.005300559550846662    7    4    2    2
 -0.0001868979608058084    7    4    3    1
 0.0001193033845122631    7    4    3    2
 -0.002903890236500927    7    4    3    3
 0.01463460674582517    7    4    4    1
 -0.00661711503660168    7    4    4    2
 0.003006598146867245    7    4    4    3
 -0.008527581365415078    7    4    4    4
 0.001411404208202306    7    4    5    1
 -0.0007042216969963475    7    4    5    2
 0.0003462432681050219    7    4    5    3
 -0.04207794969879316    7    4    5    4
 -0.04187353788246946    7    4    5    5
 0.001726549734210216    7    4    6    1
 -0.0009868806801493887    7    4    6    2
 0.0004221094123976192    7    4    6    3
 -0.005178667897911304    7    4    6    4
 -0.003531425587774124    7    4    6    5
 -0.01221382729284811    7    4    6    6
 0.005613255255507331    7    4    7    1
 -0.003090957555831809    7    4    7    2
 0.001589960473258074    7    4    7    3
 0.2198629869590998    7    4    7    4
 0.01711777621584858    7    5    1    1
 -0.0008343988016112469    7    5    2    1
 0.006194875037334873    7    5    2    2
 0.0004090525551310461    7    5    3    1
 -0.0002285461378557971    7    5    3    2
 0.002995618274537892    7    5    3    3
 -0.003857283961702896    7    5    4    1
 0.001826642287076989    7    5    4    2
 -0.0008580657093150073    7    5    4    3
 -0.05574501589948663    7    5    4    4
 0.001803121642670297    7    5    5    1
 -6.753029049816219e-05    7    5    5    2
 -0.0001241156300139563    7    5    5    3
 0.003631840577315814    7    5    5    4
 0.05872369771936643    7    5    5    5
 -0.003337916234877071    7    5    6    1
 0.001897978900383714    7    5    6    2
 -0.0007929046559067433    7    5    6    3
 0.004647887715422863    7    5    6    4
 0.008645134668593167    7    5    6    5
 0.01829705037887024    7    5    6    6
 -0.005288415820346917    7    5    7    1
 0.002312569153662803    7    5    7    2
 -0.001059714495696184    7    5    7    3
 -0.01095619053770581    7    5    7    4
 0.02319839932607328    7    5    7    5
 0.0002356458141331317    7    6    1    1
 -0.0028552513574133    7    6    2    1
 -0.004701369191685427    7    6    2    2
 0.0009555533342592247    7    6    3    1
 4.426975015249658e-05    7    6    3    2
 -0.001548154960246814    7    6    3    3
 -0.002338663338516411    7    6    4    1
 0.0006431218183178812    7    6    4    2
 -0.0002846604266199281    7    6    4    3
 -0.003263357487227982    7    6    4    4
 0.002521825315273732    7    6    5    1
 0.0002407342425719903    7    6    5    2
 -0.0001495760535143487    7    6    5    3
 0.003140942176927132    7    6    5    4
 0.01777956622017424    7    6    5    5
 -0.01326841729047696    7    6    6    1
 0.0006598209204843733    7    6    6    2
 -0.0002261802712463845    7    6    6    3
 0.0004250675012363159    7    6    6    4
 0.003273840555327929    7    6    6    5
 0.0002994049812208548    7    6    6    6
 -0.0006248905984690883    7    6    7    1
 0.000443599259706139    7    6    7    2
 -0.0002369483188739186    7    6    7    3
 -0.01500771756533092    7    6    7    4
 0.004442557248620747    7    6    7    5
 0.002534931829073619    7    6    7    6
 0.09383925973743627    7    7    1    1
 -0.003219869493070677    7    7    2    1
 0.05918933925037374    7    7    2    2
 0.001625350448722923    7    7    3    1
 -0.001000203065012036    7    7    3    2
 0.04325428346715011    7    7    3    3
 0.004164877944288018    7    7    4    1
 -0.003394131667206699    7    7    4    2
 0.002003031502720342    7    7    4    3
 0.5301849315103947    7    7    4    4
 -0.01165533652232633    7    7    5    1
 0.006037259240705411    7    7    5    2
 -0.002997669738148519    7    7    5    3
 0.004517437083393523    7    7    5    4
 0.2087153300220875    7    7    5    5
 -0.01383546832103844    7    7    6    1
 0.007083395541125378    7    7    6    2
 -0.003333549297665966    7    7    6    3
 -0.0250950289370679    7    7    6    4
 0.0219244101627322    7    7    6    5
 0.094703906024867    7    7    6    6
 0.02512063993675376    7    7    7    1
 -0.01206981047225638    7    7    7    2
 0.00562086846307549    7    7    7    3
 -0.007559791723314177    7    7    7    4
 -0.05838200788270365    7    7    7    5
 -0.003459321401645239    7    7    7    6
 0.5555822265273046    7    7    7    7
 -0.02215044580513564    8    1    1    1
 0.0004411170999895278    8    1    2    1
 -0.00238978924151841    8    1    2    2
 0.0005183970202938861    8    1    3    1
 -0.001544398989439559    8    1    3    2
 0.02387765817703967    8    1    3    3
 0.0001709612150498849    8    1    4    1
 -0.0002773964139572048    8    1    4    2
 0.0003320375053013109    8    1    4    3
 -0.003266462134020005    8    1    4    4
 -0.001085043669970224    8    1    5    1
 0.0007249207233071982    8    1    5    2
 -0.000701553079004131    8    1    5    3
 0.0002696533965020025    8    1    5    4
 -0.008185531830465458    8    1    5    5
 0.002604962670031387    8    1    6    1
 -0.003800660585939002    8    1    6    2
 0.002932137200005983    8    1    6    3
 -0.001031327142094142    8    1    6    4
 0.002799288203171362    8    1    6    5
 -0.02278952764904033    8    1    6    6
 0.001060877323846456    8    1    7    1
 4.330720066217283e-05    8    1    7    2
 -0.0003698337746191482    8    1    7    3
 0.0004228002266920882    8    1    7    4
 -0.0007728055114314938    8    1    7    5
 -0.0002002840651564247    8    1    7    6
 -0.003329144133048711    8    1    7    7
 0.003063048150787272    8    1    8    1
 0.01711777621623324    8    2    1    1
 0.001803121642582631    8    2    2    1
 0.05872369771725641    8    2    2    2
 -0.003857283961658838    8    2    3    1
 0.003631840577335561    8    2    3    2
 -0.05574501590010116    8    2    3    3
 0.00040905255510511    8    2    4    1
 -0.0001241156299930437    8    2    4    2
 -0.0008580657093127869    8    2    4    3
 0.002995618275420425    8    2    4    4
 -0.0008343988016043377    8    2    5    1
 -6.753029048651079e-05    8    2    5    2
 0.00182664228704803    8    2    5    3
 -0.0002285461378240601    8    2    5    4
 0.006194875038566753    8    2    5    5
 0.003337916235063141    8    2    6    1
 -0.00864513466825279    8    2    6    2
 -0.004647887715675355    8    2    6    3
 0.000792904655914482    8    2    6    4
 -0.001897978900301545    8    2    6    5
 0.0182970503792657    8    2    6    6
 -0.0007728055112178848    8    2    7    1
 0.001337918259701102    8    2    7    2
 0.0009492247016856374    8    2    7    3
 -0.0003840904735851835    8    2    7    4
 0.0005638531082246527    8    2    7    5
 -0.0004389275805342672    8    2    7    6
 0.003027924978292495    8    2    7    7
 -0.005288415820296858    8    2    8    1
 0.02319839932549275    8    2    8    2
 -0.01193052467319838    8    3    1    1
 0.001411404208200525    8    3    2    1
 -0.04187353788222572    8    3    2    2
 0.01463460674584743    8    3    3    1
 -0.0420779496988495    8    3    3    2
 -0.00852758136468541    8    3    3    3
 -0.0001868979607982125    8    3    4    1
 0.0003462432680978306    8    3    4    2
 0.00300659814687827    8    3    4    3
 -0.002903890236911085    8    3    4    4
 0.0003725873003080065    8    3    5    1
 -0.0007042216970062888    8    3    5    2
 -0.006617115036617456    8    3    5    3
 0.0001193033844975291    8    3    5    4
 -0.005300559551382754    8    3    5    5
 -0.001726549734326405    8    3    6    1
 0.003531425587925266    8    3    6    2
 0.005178667895664239    8    3    6    3
 -0.000422109412414919    8    3    6    4
 0.0009868806801409723    8    3    6    5
 -0.01221382729342467    8    3    6    6
 0.0004228002266855859    8    3    7    1
 -0.0006290051936478037    8    3    7    2
 -0.00149470844703953    8    3    7    3
 0.0003235975301570344    8    3    7    4
 -0.0003840904736383254    8    3    7    5
 0.0001798640458632574    8    3    7    6
 -0.002920522092725682    8    3    7    7
 0.005613255255590785    8    3    8    1
 -0.01095619053770726    8    3    8    2
 0.219862986959498    8    3    8    3
 -5.403579602502292e-05    8    4    1    1
 -4.297852157342642e-05    8    4    2    1
 0.0001873986115849779    8    4    2    2
 0.0002229134706196106    8    4    3    1
 -0.0004391175577276003    8    4    3    2
 0.005353826889169942    8    4    3    3
 -0.0002289304539264836    8    4    4    1
 0.0001085392785240342    8    4    4    2
 -8.480281149432095e-07    8    4    4    3
 -0.005439253390628814    8    4    4    4
 4.956912584617307e-05    8    4    5    1
 -1.627783109013333e-06    8    4    5    2
 -0.0001057495312028127    8    4    5    3
 0.0004755684953663877    8    4    5    4
 -0.0003685236527748156    8    4    5    5
 -0.0004118469027059018    8    4    6    1
 -6.144489976599087e-05    8    4    6    2
 0.0003743070101922385    8    4    6    3
 0.0003845304934402585    8    4    6    4
 -0.0001005927659234863    8    4    6    5
 -5.917939006867151e-05    8    4    6    6
 -0.0003698337750442126    8    4    7    1
 0.0001849425698979435    8    4    7    2
 -0.0001617419383918386    8    4    7    3
 -0.001494708454908155    8    4    7    4
 0.00094922470302321    8    4    7    5
 0.000211098808907096    8    4    7    6
 -0.00556501997479739    8    4    7    7
 0.0003973860167063575    8    4    8    1
 -0.00105971449566623    8    4    8    2
 0.001589960473246568    8    4    8    3
 0.0001684582954475268    8    4    8    4
 0.001268152592999986    8    5    1    1
 1.909729518320693e-06    8    5    2    1
 -0.0001873811255893919    8    5    2    2
 -0.0004171820203934854    8    5    3    1
 0.000876521600725831    8    5    3    2
 -0.01148817314791994    8    5    3    3
 -0.0002679102919446574    8    5    4    1
 0.0001170767581909694    8    5    4    2
 -0.000157527964255751    8    5    4    3
 0.004536217955132561    8    5    4    4
 -0.000569995405795399    8    5    5    1
 0.0002653660561666748    8    5    5    2
 8.636222483722349e-05    8    5    5    3
 0.0006773634202791051    8    5    5    4
 0.0105493198121339    8    5    5    5
 0.0008859107904663367    8    5    6    1
 0.000306352962854095    8    5    6    2
 -0.0008690833321295529    8    5    6    3
 -9.91235960354036e-05    8    5    6    4
 0.001939857679150509    8    5    6    5
 0.001357051661488582    8    5    6    6
 4.330720077028356e-05    8    5    7    1
 -5.392969751710877e-05    8    5    7    2
 0.000184942569709599    8    5    7    3
 -0.0006290051937460361    8    5    7    4
 0.001337918258990685    8    5    7    5
 0.0003249283502408788    8    5    7    6
 0.004758696621419392    8    5    7    7
 -0.0009192021311962363    8    5    8    1
 0.002312569153636298    8    5    8    2
 -0.003090957555813762    8    5    8    3
 -0.0002000185727702601    8    5    8    4
 0.0006934674400388163    8    5    8    5
 -0.000235645810167794    8    6    1    1
 -0.002521825314333143    8    6    2    1
 -0.01777956621977968    8    6    2    2
 0.002338663338343399    8    6    3    1
 -0.003140942177318642    8    6    3    2
 0.003263357482376124    8    6    3    3
 -0.0009555533340611851    8    6    4    1
 0.0001495760536089395    8    6    4    2
 0.0002846604265923895    8    6    4    3
 0.001548154961348136    8    6    4    4
 0.002855251356776367    8    6    5    1
 -0.000240734242777412    8    6    5    2
 -0.0006431218182757533    8    6    5    3
 -4.426975001676227e-05    8    6    5    4
 0.004701369191930469    8    6    5    5
 -0.01326841728813553    8    6    6    1
 0.003273840556130299    8    6    6    2
 0.0004250675006864991    8    6    6    3
 -0.0002261802710351484    8    6    6    4
 0.0006598209197603473    8    6    6    5
 -0.0002994049769343055    8    6    6    6
 0.0002002840647066354    8    6    7    1
 -0.000324928350412853    8    6    7    2
 -0.0002110988081565323    8    6    7    3
 -0.0001798640454816491    8    6    7    4
 0.0004389275804492377    8    6    7    5
 0.001000023407332118    8    6    7    6
 0.001606452990413339    8    6    7    7
 0.0006248905978686315    8    6    8    1
 -0.0044425572476885    8    6    8    2
 0.01500771756587831    8    6    8    3
 0.0002369483188313459    8    6    8    4
 -0.0004435992596065658    8    6    8    5
 0.002534931828723668    8    6    8    6
 0.002374910153801436    8    7    1    1
 -1.090427944303202e-05    8    7    2    1
 0.002614471536808634    8    7    2    2
 -0.0002818699292996834    8    7    3    1
 0.0006480902502517707    8    7    3    2
 -0.001795588979950962    8    7    3    3
 -0.0002818699295617824    8    7    4    1
 0.0001417464340307435    8    7    4    2
 -0.000135318752667525    8    7    4    3
 -0.001795588995921651    8    7    4    4
 -1.090427944605266e-05    8    7    5    1
 -3.390503277922121e-06    8    7    5    2
 0.0001417464338896125    8    7    5    3
 0.0006480902507611313    8    7    5    4
 0.002614471532947452    8    7    5    5
 3.632015110526591e-13    8    7    6    1
 -4.532325033362188e-05    8    7    6    2
 -0.000319937784286394    8    7    6    3
 0.000319937785335411    8    7    6    4
 4.532324954687927e-05    8    7    6    5
 0.002475046580873754    8    7    6    6
 -0.0003494545677322182    8    7    7    1
 0.0001694239803118825    8    7    7    2
 -5.231474026359745e-06    8    7    7    3
 -0.003076193973921595    8    7    7    4
 0.0009448032667200289    8    7    7    5
 0.000308010045623706    8    7    7    6
 -0.001902578587213776    8    7    7    7
 -0.0003494545666737491    8    7    8    1
 0.000944803264347212    8    7    8    2
 -0.003076193971976051    8    7    8    3
 -5.231473462712542e-06    8    7    8    4
 0.0001694239797150533    8    7    8    5
 -0.0003080100453356665    8    7    8    6
 0.0001435092046188371    8    7    8    7
 0.09383925973665468    8    8    1    1
 -0.01165533652245703    8    8    2    1
 0.2087153300210875    8    8    2    2
 0.004164877944552379    8    8    3    1
 0.004517437083278788    8    8    3    2
 0.5301849315109269    8    8    3    3
 0.001625350448728494    8    8    4    1
 -0.00299766973816012    8    8    4    2
 0.002003031502750993    8    8    4    3
 0.04325428346755257    8    8    4    4
 -0.003219869493122306    8    8    5    1
 0.006037259240791051    8    8    5    2
 -0.003394131667247171    8    8    5    3
 -0.001000203064946983    8    8    5    4
 0.05918933925042953    8    8    5    5
 0.01383546832075516    8    8    6    1
 -0.02192441016274473    8    8    6    2
 0.02509502893802207    8    8    6    3
 0.003333549297612463    8    8    6    4
 -0.007083395540954645    8    8    6    5
 0.09470390602423905    8    8    6    6
 -0.003329144131039712    8    8    7    1
 0.004758696616839983    8    8    7    2
 -0.00556501997215011    8    8    7    3
 -0.00292052209212643    8    8    7    4
 0.003027924977321748    8    8    7    5
 -0.001606452989257493    8    8    7    6
 0.04329296355951357    8    8    7    7
 0.02512063993734427    8    8    8    1
 -0.05838200788365124    8    8    8    2
 -0.007559791721751604    8    8    8    3
 0.005620868463345693    8    8    8    4
 -0.01206981047268735    8    8    8    5
 0.003459321396621727    8    8    8    6
 -0.001902578570452783    8    8    8    7
 0.5555822265284447    8    8    8    8
 0.0598836490497656    9    1    1    1
 0.000664511979413126    9    1    2    1
 -0.05640684103793763    9    1    2    2
 0.002954281981858853    9    1    3    1
 -0.003884289325764012    9    1    3    2
 -0.02107669168648921    9    1    3    3
 -0.0004414584590878573    9    1    4    1
 0.001468220555191267    9    1    4    2
 1.599611063906603e-05    9    1    4    3
 0.006960777714229521    9    1    4    4
 0.002916207373696674    9    1    5    1
 -0.003361776556259665    9    1    5    2
 -4.671784053103372e-05    9    1    5    3
 -0.0007066627782557921    9    1    5    4
 0.01900720540989544    9    1    5    5
 -0.003411116394430866    9    1    6    1
 0.02228730520302532    9    1    6    2
 -0.004125713520255142    9    1    6    3
 0.002892240145467713    9    1    6    4
 -0.008115027714112629    9    1    6    5
 0.06113443347984663    9    1    6    6
 -0.003028631263561574    9    1    7    1
 -0.001776287313847074    9    1    7    2
 7.848379646763963e-05    9    1    7    3
 -0.000994092153355189    9    1    7    4
 0.001860897827767017    9    1    7    5
 0.0005223030157795517    9    1    7    6
 0.007110929784900864    9    1    7    7
 -0.004163263782841579    9    1    8    1
 -0.007728671544020614    9    1    8    2
 0.003870412448650717    9    1    8    3
 -8.734557373500873e-05    9    1    8    4
 0.0003666163968720355    9    1    8    5
 0.002788643039268845    9    1    8    6
 6.588359927958942e-07    9    1    8    7
 -0.02209191907439568    9    1    8    8
 0.02447595389316644    9    1    9    1
 -0.04347556383178006    9    2    1    1
 -0.0419914544617413    9    2    2    1
 -0.005583416086353505    9    2    2    2
 -0.0003482182657473813    9    2    3    1
 0.03958730091452476    9    2    3    2
 0.05005365068408846    9    2    3    3
 -0.0006156530708933195    9    2    4    1
 -0.00592642668340856    9    2    4    2
 -0.0001748941501908482    9    2    4    3
 -0.005677446853672741    9    2    4    4
 0.001342346870940286    9    2    5    1
 0.01449495193141541    9    2    5    2
 0.0002987048597489876    9    2    5    3
 0.0003240655589353841    9    2    5    4
 -0.01271007263324581    9    2    5    5
 -0.008147007591485308    9    2    6    1
 -0.005010758279854132    9    2    6    2
 -0.001866609977954275    9    2    6    3
 -0.00138963513052621    9    2    6    4
 0.003679465685951257    9    2    6    5
 -0.047372982164266    9    2    6    6
 0.00126704338234463    9    2    7    1
 0.001940673428954752    9    2    7    2
 0.0003975501791968706    9    2    7    3
 0.000680085791921334    9    2    7    4
 -0.0009560864457646815    9    2    7    5
 0.0006609834406920796    9    2    7    6
 -0.005744651751569358    9    2    7    7
 -0.001835763870755314    9    2    8    1
 -0.001826675713511716    9    2    8    2
 -0.009477962912174016    9    2    8    3
 -0.0003869547029523298    9    2    8    4
 0.0008850489243275984    9    2    8    5
 -0.0002969886127621447    9    2    8    6
 0.0001984449585862344    9    2    8    7
 0.05369748811666426    9    2    8    8
 -0.006533953608752353    9    2    9    1
 0.2065904512614133    9    2    9    2
 0.01753204134792971    9    3    1    1
 0.00214379308113358    9    3    2    1
 0.05636628504070976    9    3    2    2
 -0.004194046052946284    9    3    3    1
 0.004703047212159955    9    3    3    2
 -0.05959395600057792    9    3    3    3
 0.0004385863834344978    9    3    4    1
 -7.10685538514854e-05    9    3    4    2
 -0.00092343526823123    9    3    4    3
 0.003004220364886741    9    3    4    4
 -0.0009155361620549592    9    3    5    1
 -0.0001820920301153722    9    3    5    2
 0.001966985518817033    9    3    5    3
 -0.0002329876625064027    9    3    5    4
 0.006214788746343647    9    3    5    5
 0.00364198623073265    9    3    6    1
 -0.007785212463833196    9    3    6    2
 -0.00512883048195684    9    3    6    3
 0.0008043580108093943    9    3    6    4
 -0.0019357327792584    9    3    6    5
 0.01845832527498179    9    3    6    6
 -0.0007884276190074268    9    3    7    1
 0.001237514621267335    9    3    7    2
 0.001042143740629864    9    3    7    3
 -0.0003840214722829733    9    3    7    4
 0.0005647554054266322    9    3    7    5
 -0.0004318163967660134    9    3    7    6
 0.003031933152792721    9    3    7    7
 -0.004961013133228056    9    3    8    1
 0.02114605173033563    9    3    8    2
 -0.009082888078912141    9    3    8    3
 -0.0009925726329666487    9    3    8    4
 0.002168212004616335    9    3    8    5
 -0.003897103577010083    9    3    8    6
 0.0008485370624249071    9    3    8    7
 -0.06056068264346857    9    3    8    8
 -0.007821378612006468    9    3    9    1
 -0.002833340527134437    9    3    9    2
 0.02364801242177238    9    3    9    3
 -0.0008806994136668373    9    4    1    1
 0.0004965781973471814    9    4    2    1
 -0.01045535464746471    9    4    2    2
 0.0003029756818619023    9    4    3    1
 -0.0007242998934454131    9    4    3    2
 -0.004640824449234244    9    4    3    3
 0.0004265218183409416    9    4    4    1
 -9.201492640357057e-05    9    4    4    2
 0.0001620950282266242    9    4    4    3
 0.01171721430430067    9    4    4    4
 2.41649162289162e-06    9    4    5    1
 -0.0002584276028439182    9    4    5    2
 -0.0001253068593162802    9    4    5    3
 -0.0009621773802728311    9    4    5    4
 0.0006362518982143251    9    4    5    5
 0.0008552713347768579    9    4    6    1
 0.001869638630746506    9    4    6    2
 -0.0001004462107981211    9    4    6    3
 -0.0008876800522038489    9    4    6    4
 0.0003770590974121953    9    4    6    5
 -0.0009077698722440592    9    4    6    6
 0.0008510639888586282    9    4    7    1
 -0.0006661428867379885    9    4    7    2
 0.0001890719036157949    9    4    7    3
 0.002889359009864466    9    4    7    4
 -0.00206902464046629    9    4    7    5
 -0.0003857946924626884    9    4    7    6
 0.01199195214850346    9    4    7    7
 -8.197906797539217e-05    9    4    8    1
 -0.001279026794438993    9    4    8    2
 0.0006927860481096756    9    4    8    3
 -0.0001920443896933465    9    4    8    4
 7.044324131527468e-05    9    4    8    5
 0.0003095248001010027    9    4    8    6
 -0.0001553426189415308    9    4    8    7
 -0.004833015479199415    9    4    8    8
 0.002005186873923504    9    4    9    1
 -0.002079042722616111    9    4    9    2
 -0.001278593327679322    9    4    9    3
 0.0006948919480178279    9    4    9    4
 -0.0007201945739788786    9    5    1    1
 -0.0007414057586138156    9    5    2    1
 0.02398626836896444    9    5    2    2
 -0.0008320325555397217    9    5    3    1
 0.001564478064921184    9    5    3    2
 0.009926400972941202    9    5    3    3
 0.0007579741855817779    9    5    4    1
 -0.0005680900832578477    9    5    4    2
 -5.447943000487595e-06    9    5    4    3
 -0.009720663532041516    9    5    4    4
 0.0008828483188402243    9    5    5    1
 -8.700720275409591e-06    9    5    5    2
 0.0005848291359161639    9    5    5    3
 -0.001452466822104698    9    5    5    4
 -0.0243510801616403    9    5    5    5
 -0.001884773384178812    9    5    6    1
 -0.004809046968127248    9    5    6    2
 0.0003809450884137024    9    5    6    3
 0.0003513362754024488    9    5    6    4
 -0.004907198178822555    9    5    6    5
 -0.0008733000727782337    9    5    6    6
 -0.0002110676064088924    9    5    7    1
 0.0007403563854640708    9    5    7    2
 -5.633230890633969e-05    9    5    7    3
 0.001450317858006029    9    5    7    4
 -0.003200440331128276    9    5    7    5
 -0.0008955850702128669    9    5    7    6
 -0.01022226834480217    9    5    7    7
 0.0003383850262452814    9    5    8    1
 0.003037872735056934    9    5    8    2
 -0.001591510801389732    9    5    8    3
 6.455939477537853e-05    9    5    8    4
 -0.0007696435696256708    9    5    8    5
 -0.0008528110016804874    9    5    8    6
 -7.594860684150326e-06    9    5    8    7
 0.01035759471171292    9    5    8    8
 -0.005146913202768391    9    5    9    1
 0.003865999912667712    9    5    9    2
 0.003049025804760673    9    5    9    3
 -0.0008112798913785164    9    5    9    4
 0.003358240615385038    9    5    9    5
 0.01888015221804258    9    6    1    1
 0.01648573665487293    9    6    2    1
 0.01686363704128226    9    6    2    2
 -0.002694831180436198    9    6    3    1
 -0.008022806969976499    9    6    3    2
 -0.01022849865971616    9    6    3    3
 0.002954058087792544    9    6    4    1
 0.001225349537168313    9    6    4    2
 -3.926401748267831e-05    9    6    4    3
 -0.002918518885857598    9    6    4    4
 -0.008490432150878781    9    6    5    1
 -0.003170168910845421    9    6    5    2
 0.0001642840385356986    9    6    5    3
 -5.022859456396813e-05    9    6    5    4
 -0.009095906989172635    9    6    5    5
 0.04326477159544389    9    6    6    1
 -0.0001026454537964659    9    6    6    2
 0.0003037966328556471    9    6    6    3
 0.00151853984701698    9    6    6    4
 -0.00427933359109764    9    6    6    5
 0.02064048425661515    9    6    6    6
 -0.001423856022327947    9    6    7    1
 -0.0003742537179394452    9    6    7    2
 4.541544222534715e-05    9    6    7    3
 0.0003105416160534538    9    6    7    4
 -0.0008089661237192708    9    6    7    5
 -0.003089770145200795    9    6    7    6
 -0.003043706033667416    9    6    7    7
 6.205015236846852e-06    9    6    8    1
 0.002800438347147702    9    6    8    2
 0.001197216908059567    9    6    8    3
 -5.88349995931716e-05    9    6    8    4
 2.90556694428469e-05    9    6    8    5
 -0.00303676941136933    9    6    8    6
 4.726684236415902e-05    9    6    8    7
 -0.01088188740661873    9    6    8    8
 0.002333090444182862    9    6    9    1
 -0.04388643563121539    9    6    9    2
 0.003132953690326075    9    6    9    3
 0.0005132436587567572    9    6    9    4
 -0.0007767625387774734    9    6    9    5
 0.01933009126759531    9    6    9    6
 -0.006367205732158287    9    7    1    1
 -0.001200282915862629    9    7    2    1
 0.001634674911553355    9    7    2    2
 -0.0001366081925041723    9    7    3    1
 0.00125371360030968    9    7    3    2
 0.002855998503546816    9    7    3    3
 0.0006289154858557125    9    7    4    1
 -0.0005443198027725328    9    7    4    2
 0.0001448690299621529    9    7    4    3
 0.002956126834812419    9    7    4    4
 -1.548250509357458e-05    9    7    5    1
 0.0005352473463742033    9    7    5    2
 1.856293954717328e-05    9    7    5    3
 -0.001411619633768356    9    7    5    4
 -0.006498652052621302    9    7    5    5
 -0.0002241842602830264    9    7    6    1
 -0.001446597291369485    9    7    6    2
 0.0003046395667695943    9    7    6    3
 -0.0006875160680352902    9    7    6    4
 -7.741218090517373e-05    9    7    6    5
 -0.006643869520523944    9    7    6    6
 0.0007564487938777637    9    7    7    1
 -0.0001093784145790456    9    7    7    2
 0.0001115608771162251    9    7    7    3
 0.006785273873497612    9    7    7    4
 -0.002023037158917875    9    7    7    5
 -0.0006913346889604208    9    7    7    6
 0.003137807414183953    9    7    7    7
 0.0003096880549007883    9    7    8    1
 8.058666906363516e-05    9    7    8    2
 -0.0003814836727642273    9    7    8    3
 -9.989664410984418e-05    9    7    8    4
 -0.0001345597040986512    9    7    8    5
 -0.000127392654226863    9    7    8    6
 -0.0001537509969917442    9    7    8    7
 0.003016335157459516    9    7    8    8
 -0.001643041244820946    9    7    9    1
 0.006032856113773253    9    7    9    2
 2.780623002149131e-05    9    7    9    3
 6.684448969442355e-05    9    7    9    4
 0.0006242117249345011    9    7    9    5
 -0.001391110549983034    9    7    9    6
 0.0005810503316088843    9    7    9    7
 -0.007467645552241917    9    8    1    1
 -0.008020928125912499    9    8    2    1
 0.01972790282748186    9    8    2    2
 -0.003253469066655694    9    8    3    1
 0.01520996230168366    9    8    3    2
 0.0107026074956051    9    8    3    3
 8.593538836087946e-06    9    8    4    1
 -0.001312887424150619    9    8    4    2
 -0.0006469414073685649    9    8    4    3
 -0.0009115171729801142    9    8    4    4
 -7.249886424730657e-05    9    8    5    1
 0.003084084980576602    9    8    5    2
 0.001421709074552169    9    8    5    3
 3.403006314917678e-05    9    8    5    4
 -0.002368931444293758    9    8    5    5
 -0.0008741012483295751    9    8    6    1
 -0.004515859429820288    9    8    6    2
 -0.001192671211058465    9    8    6    3
 -0.0002397971424414262    9    8    6    4
 0.0006356024791630763    9    8    6    5
 -0.008042828370122544    9    8    6    6
 0.0002332046342930104    9    8    7    1
 0.0008328176150597128    9    8    7    2
 0.0003734361520263883    9    8    7    3
 0.0001022949968827682    9    8    7    4
 -0.0002073027344050011    9    8    7    5
 -1.463192250752676e-05    9    8    7    6
 -0.0009376773305703379    9    8    7    7
 -0.001638313024465512    9    8    8    1
 0.005313799901187726    9    8    8    2
 -0.04437808911862716    9    8    8    3
 -0.0004589702727620838    9    8    8    4
 0.0009164323259163097    9    8    8    5
 -0.003688437116364282    9    8    8    6
 0.0007343574221300568    9    8    8    7
 0.01166853180409822    9    8    8    8
 -0.004923017099865607    9    8    9    1
 0.04088432278783426    9    8    9    2
 0.002860274360449695    9    8    9    3
 -0.0008828087891035069    9    8    9    4
 0.001933614271917021    9    8    9    5
 -0.008461489806303802    9    8    9    6
 0.001369855075603666    9    8    9    7
 0.01799413148905437    9    8    9    8
 0.2081816676776676    9    9    1    1
 0.01153097602064995    9    9    2    1
 0.5102610221874074    9    9    2    2
 -0.01716134126677181    9    9    3    1
 0.01522093241406492    9    9    3    2
 0.2099313057502183    9    9    3    3
 0.005003148393002076    9    9    4    1
 -0.001928220999548672    9    9    4    2
 -0.002585121638567421    9    9    4    3
 0.05923434532161999    9    9    4    4
 -0.01056745206863321    9    9    5    1
 0.00139358307462521    9    9    5    2
 0.006442640140575792    9    9    5    3
 -0.002678702359187278    9    9    5    4
 0.09400459016405467    9    9    5    5
 0.04930675342528141    9    9    6    1
 -0.06059977074099554    9    9    6    2
 -0.0008867746199594682    9    9    6    3
 0.008753058992029451    9    9    6    4
 -0.0204181799372342    9    9    6    5
 0.2156525586683312    9    9    6    6
 -0.008639700062049865    9    9    7    1
 0.0108416901117665    9    9    7    2
 -0.0003789916753500853    9    9    7    3
 -0.005365463876469965    9    9    7    4
 0.006337647126557823    9    9    7    5
 -0.005013630602099116    9    9    7    6
 0.05938021011916876    9    9    7    7
 -0.002613270957938398    9    9    8    1
 0.0598800004952932    9    9    8    2
 -0.04591690569618954    9    9    8    3
 0.0001834715242810003    9    9    8    4
 -0.0001817255019641512    9    9    8    5
 -0.01848784691388319    9    9    8    6
 0.002720438461516126    9    9    8    7
 0.2164734356440918    9    9    8    8
 -0.05928211742721573    9    9    9    1
 -0.004948624342817495    9    9    9    2
 0.05936042359398646    9    9    9    3
 -0.01101341356327271    9    9    9    4
 0.02531192015676133    9    9    9    5
 0.01832322357017815    9    9    9    6
 0.001745854656745945    9    9    9    7
 0.02163837341154806    9    9    9    8
 0.5366004563099754    9    9    9    9
 0.05988364905135322   10    1    1    1
 0.002916207374313918   10    1    2    1
 0.01900720540999069   10    1    2    2
 -0.0004414584592923212   10    1    3    1
 -0.0007066627782520412   10    1    3    2
 0.006960777713118908   10    1    3    3
 0.002954281982076983   10    1    4    1
 -4.671784049905119e-05   10    1    4    2
 1.599611062541779e-05   10    1    4    3
 -0.02107669168634668   10    1    4    4
 0.0006645119788477571   10    1    5    1
 -0.003361776556317405   10    1    5    2
 0.001468220555220144   10    1    5    3
 -0.003884289325768516   10    1    5    4
 -0.05640684103807609   10    1    5    5
 0.003411116396910159   10    1    6    1
 0.008115027714568401   10    1    6    2
 -0.00289224014564654   10    1    6    3
 0.004125713520445031   10    1    6    4
 -0.02228730520316808   10    1    6    5
 0.06113443348150324   10    1    6    6
 -0.004163263783509814   10    1    7    1
 0.0003666163971522725   10    1    7    2
 -8.734557386519902e-05   10    1    7    3
 0.003870412448760021   10    1    7    4
 -0.007728671544522686   10    1    7    5
 -0.002788643038646617   10    1    7    6
 -0.02209191907426966   10    1    7    7
 -0.003028631262407292   10    1    8    1
 0.001860897827792716   10    1    8    2
 -0.0009940921535129777   10    1    8    3
 7.848379600723685e-05   10    1    8    4
 -0.001776287314045006   10    1    8    5
 -0.000522303015337878   10    1    8    6
 6.588367745244027e-07   10    1    8    7
 0.007110929783565571   10    1    8    8
 0.009018018401175958   10    1    9    1
 -0.003355178982996654   10    1    9    2
 0.00190169544813061   10    1    9    3
 -0.0003155501754923493   10    1    9    4
 0.004482855381328546   10    1    9    5
 0.00389163345196405   10    1    9    6
 -4.970832099948063e-05   10    1    9    7
 -0.0006504085762599192   10    1    9    8
 0.02028414471963669   10    1    9    9
 0.02447595389372596   10    1   10    1
 -0.0007201945743680697   10    2    1    1
 0.0008828483182895977   10    2    2    1
 -0.02435108016515477   10    2    2    2
 0.0007579741857850084   10    2    3    1
 -0.001452466821849158   10    2    3    2
 -0.009720663529274707   10    2    3    3
 -0.0008320325555779306   10    2    4    1
 0.000584829135874023   10    2    4    2
 -5.447942965081101e-06   10    2    4    3
 0.009926400972795284   10    2    4    4
 -0.0007414057585038869   10    2    5    1
 -8.70072016361123e-06   10    2    5    2
 -0.0005680900833346614   10    2    5    3
 0.001564478064920954   10    2    5    4
 0.02398626836882134   10    2    5    5
 0.001884773383870049   10    2    6    1
 0.004907198179557011   10    2    6    2
 -0.0003513362752467981   10    2    6    3
 -0.0003809450884564228   10    2    6    4
 0.004809046968074561   10    2    6    5
 -0.0008733000732950462   10    2    6    6
 0.0003383850260844989   10    2    7    1
 -0.0007696435695987546   10    2    7    2
 6.455939491797251e-05   10    2    7    3
 -0.00159151080144042   10    2    7    4
 0.003037872735261686   10    2    7    5
 0.000852811001583902   10    2    7    6
 0.01035759471161782   10    2    7    7
 -0.0002110676064545061   10    2    8    1
 -0.003200440332086276   10    2    8    2
 0.001450317858376517   10    2    8    3
 -5.633230867701117e-05   10    2    8    4
 0.0007403563854849566   10    2    8    5
 0.0008955850705822154   10    2    8    6
 -7.59486123884342e-06   10    2    8    7
 -0.01022226834183161   10    2    8    8
 0.004482855382027653   10    2    9    1
 -0.003547133061212641   10    2    9    2
 -0.002960850749380151   10    2    9    3
 0.0007639282492029363   10    2    9    4
 -0.003213743589362083   10    2    9    5
 0.0004021092104020918   10    2    9    6
 -0.0005618574016589875   10    2    9    7
 -0.001817044044696187   10    2    9    8
 -0.02505808336315635   10    2    9    9
 -0.005146913202671291   10    2   10    1
 0.003358240615723659   10    2   10    2
 -0.0008806994132828607   10    3    1    1
 2.41649158848478e-06   10    3    2    1
 0.0006362519007121816   10    3    2    2
 0.0004265218176558346   10    3    3    1
 -0.0009621773783778738   10    3    3    2
 0.01171721430431943   10    3    3    3
 0.0003029756818795209   10    3    4    1
 -0.0001253068593371931   10    3    4    2
 0.0001620950280879834   10    3    4    3
 -0.004640824449092607   10    3    4    4
 0.0004965781973020972   10    3    5    1
 -0.0002584276028006171   10    3    5    2
 -9.201492609760918e-05   10    3    5    3
 -0.0007242998934507929   10    3    5    4
 -0.01045535464726168   10    3    5    5
 -0.0008552713346489532   10    3    6    1
 -0.0003770590976817986   10    3    6    2
 0.0008876800519543783   10    3    6    3
 0.0001004462108175565   10    3    6    4
 -0.001869638630719842   10    3    6    5
 -0.0009077698718420646   10    3    6    6
 -8.197906795949862e-05   10    3    7    1
 7.044324132840533e-05   10    3    7    2
 -0.0001920443894142708   10    3    7    3
 0.0006927860481177548   10    3    7    4
 -0.001279026794497667   10    3    7    5
 -0.0003095248000468519   10    3    7    6
 -0.004833015479078406   10    3    7    7
 0.0008510639886775114   10    3    8    1
 -0.00206902463984412   10    3    8    2
 0.002889359000135183   10    3    8    3
 0.0001890719034597155   10    3    8    4
 -0.0006661428866541264   10    3    8    5
 0.0003857946916154821   10    3    8    6
 -0.000155342618236775   10    3    8    7
 0.01199195214849607   10    3    8    8
 -0.0003155501758652516   10    3    9    1
 -0.0009275166597978263   10    3    9    2
 -0.002275855678666135   10    3    9    3
 -7.236702247877007e-05   10    3    9    4
 0.0007639282492556417   10    3    9    5
 1.811940360249032e-05   10    3    9    6
 0.000126812367521073   10    3    9    7
 -0.0007334120053180239   10    3    9    8
 0.0006838701103244909   10    3    9    9
 0.002005186873883288   10    3   10    1
 -0.000811279891405209   10    3   10    2
 0.0006948919477322149   10    3   10    3
 0.01753204134823344   10    4    1    1
 -0.0009155361620259367   10    4    2    1
 0.006214788746323287   10    4    2    2
 0.0004385863834192942   10    4    3    1
 -0.000232987662499499   10    4    3    2
 0.003004220364635252   10    4    3    3
 -0.004194046052853741   10    4    4    1
 0.001966985518798147   10    4    4    2
 -0.0009234352682207092   10    4    4    3
 -0.05959395600060981   10    4    4    4
 0.00214379308113645   10    4    5    1
 -0.000182092030140273   10    4    5    2
 -7.106855384499937e-05   10    4    5    3
 0.00470304721199565   10    4    5    4
 0.05636628504056803   10    4    5    5
 -0.003641986230502831   10    4    6    1
 0.001935732779262869   10    4    6    2
 -0.0008043580108156527   10    4    6    3
 0.005128830481723173   10    4    6    4
 0.00778521246359488   10    4    6    5
 0.01845832527532133   10    4    6    6
 -0.004961013133341493   10    4    7    1
 0.002168212004669828   10    4    7    2
 -0.0009925726329977848   10    4    7    3
 -0.009082888077955322   10    4    7    4
 0.02114605173056536   10    4    7    5
 0.003897103577852044   10    4    7    6
 -0.06056068264321306   10    4    7    7
 -0.0007884276192528871   10    4    8    1
 0.000564755405548503   10    4    8    2
 -0.0003840214723801147   10    4    8    3
 0.001042143742021945   10    4    8    4
 0.001237514620506811   10    4    8    5
 0.0004318163966447223   10    4    8    6
 0.0008485370647432104   10    4    8    7
 0.003031933152481333   10    4    8    8
 0.00190169544802322   10    4    9    1
 -0.0009523141489348723   10    4    9    2
 0.0005633815389531005   10    4    9    3
 -0.002275855679259584   10    4    9    4
 -0.002960850748298563   10    4    9    5
 -0.0007946441233523115   10    4    9    6
 -0.001803938574024422   10    4    9    7
 -0.0002003624401174133   10    4    9    8
 0.006327348075390484   10    4    9    9
 -0.007821378611954493   10    4   10    1
 0.003049025804757893   10    4   10    2
 -0.001278593327673187   10    4   10    3
 0.02364801242170627   10    4   10    4
 -0.04347556383266614   10    5    1    1
 0.001342346870881904   10    5    2    1
 -0.01271007263323213   10    5    2    2
 -0.0006156530708598136   10    5    3    1
 0.0003240655589255359   10    5    3    2
 -0.005677446853141192   10    5    3    3
 -0.0003482182658119934   10    5    4    1
 0.0002987048597365923   10    5    4    2
 -0.0001748941501894644   10    5    4    3
 0.05005365068387826   10    5    4    4
 -0.04199145446173671   10    5    5    1
 0.01449495193144935   10    5    5    2
 -0.005926426683414634   10    5    5    3
 0.03958730091453024   10    5    5    4
 -0.005583416085966525   10    5    5    5
 0.008147007591497552   10    5    6    1
 -0.003679465686219142   10    5    6    2
 0.001389635130649396   10    5    6    3
 0.001866609978072355   10    5    6    4
 0.005010758277056955   10    5    6    5
 -0.04737298216653042   10    5    6    6
 -0.001835763870412924   10    5    7    1
 0.000885048924185921   10    5    7    2
 -0.0003869547028750398   10    5    7    3
 -0.009477962912139305   10    5    7    4
 -0.001826675713892512   10    5    7    5
 0.0002969886108414404   10    5    7    6
 0.05369748811619037   10    5    7    7
 0.001267043382279512   10    5    8    1
 -0.0009560864457518046   10    5    8    2
 0.0006800857919854165   10    5    8    3
 0.0003975501794211624   10    5    8    4
 0.001940673438198058   10    5    8    5
 -0.0006609834392895553   10    5    8    6
 0.0001984449583432829   10    5    8    7
 -0.005744651750501664   10    5    8    8
 -0.00335517898307671   10    5    9    1
 0.001572538263403404   10    5    9    2
 -0.0009523141489953798   10    5    9    3
 -0.0009275166601732395   10    5    9    4
 -0.003547133063679592   10    5    9    5
 0.001079047658626703   10    5    9    6
 -0.0003654558213742062   10    5    9    7
 0.0002515681245701598   10    5    9    8
 -0.01301655815489713   10    5    9    9
 -0.006533953608937957   10    5   10    1
 0.00386599991266444   10    5   10    2
 -0.002079042722638956   10    5   10    3
 -0.002833340527062328   10    5   10    4
 0.2065904512612979   10    5   10    5
 -0.01888015221345732   10    6    1    1
 0.008490432151499151   10    6    2    1
 0.009095906991976524   10    6    2    2
 -0.002954058087998897   10    6    3    1
 5.022859457023273e-05   10    6    3    2
 0.002918518886176041   10    6    3    3
 0.002694831180790052   10    6    4    1
 -0.0001642840385484783   10    6    4    2
 3.926401747402912e-05   10    6    4    3
 0.01022849865779421   10    6    4    4
 -0.01648573665499845   10    6    5    1
 0.003170168910519629   10    6    5    2
 -0.001225349536994409   10    6    5    3
 0.008022806969482351   10    6    5    4
 -0.0168636370462926   10    6    5    5
 0.04326477159730194   10    6    6    1
 -0.004279333590684053   10    6    6    2
 0.001518539846768655   10    6    6    3
 0.0003037966332754581   10    6    6    4
 -0.0001026454563331386   10    6    6    5
 -0.02064048425243009   10    6    6    6
 -6.205014835066653e-06   10    6    7    1
 -2.905566938773253e-05   10    6    7    2
 5.883499957781197e-05   10    6    7    3
 -0.00119721690710107   10    6    7    4
 -0.002800438347984788   10    6    7    5
 -0.003036769412805253   10    6    7    6
 0.01088188740444479   10    6    7    7
 0.001423856022447398   10    6    8    1
 0.0008089661241336593   10    6    8    2
 -0.0003105416168991093   10    6    8    3
 -4.541544233059636e-05   10    6    8    4
 0.0003742537198480162   10    6    8    5
 -0.003089770144727833   10    6    8    6
 -4.726684232995155e-05   10    6    8    7
 0.003043706034038223   10    6    8    8
 -0.00389163345082105   10    6    9    1
 -0.001079047659501802   10    6    9    2
 0.0007946441237945766   10    6    9    3
 -1.811940364580111e-05   10    6    9    4
 -0.0004021092106300287   10    6    9    5
 0.008974603946447666   10    6    9    6
 0.0001754228001156646   10    6    9    7
 0.0001848675670079882   10    6    9    8
 0.009747627995953296   10    6    9    9
 -0.00233309044174833   10    6   10    1
 0.0007767625382061579   10    6   10    2
 -0.0005132436585725208   10    6   10    3
 -0.003132953690990751   10    6   10    4
 0.04388643563029224   10    6   10    5
 0.01933009126787869   10    6   10    6
 -0.007467645554114385   10    7    1    1
 -7.249886431630422e-05   10    7    2    1
 -0.002368931444679245   10    7    2    2
 8.593538829764175e-06   10    7    3    1
 3.40300632274478e-05   10    7    3    2
 -0.0009115171725645808   10    7    3    3
 -0.003253469066580642   10    7    4    1
 0.001421709074483297   10    7    4    2
 -0.0006469414073412271   10    7    4    3
 0.01070260749734292   10    7    4    4
 -0.008020928126320112   10    7    5    1
 0.003084084980766501   10    7    5    2
 -0.001312887424217468   10    7    5    3
 0.01520996230190594   10    7    5    4
 0.01972790282632265   10    7    5    5
 0.0008741012488455557   10    7    6    1
 -0.000635602479455828   10    7    6    2
 0.0002397971425724621   10    7    6    3
 0.001192671211354166   10    7    6    4
 0.004515859429263388   10    7    6    5
 -0.008042828372421146   10    7    6    6
 -0.001638313024215192   10    7    7    1
 0.0009164323258431447   10    7    7    2
 -0.0004589702727269545   10    7    7    3
 -0.044378089118505   10    7    7    4
 0.005313799900710168   10    7    7    5
 0.003688437115782105   10    7    7    6
 0.01166853180607931   10    7    7    7
 0.0002332046342530308   10    7    8    1
 -0.0002073027344837744   10    7    8    2
 0.0001022949971965282   10    7    8    3
 0.000373436153650099   10    7    8    4
 0.0008328176167162466   10    7    8    5
 1.463192264421313e-05   10    7    8    6
 0.0007343574225018194   10    7    8    7
 -0.000937677330054948   10    7    8    8
 -0.0006504085765433185   10    7    9    1
 0.0002515681253089966   10    7    9    2
 -0.0002003624402456369   10    7    9    3
 -0.0007334120072636939   10    7    9    4
 -0.001817044044847607   10    7    9    5
 -0.0001848675670669273   10    7    9    6
 -0.001618667172026412   10    7    9    7
 1.13809968368686e-05   10    7    9    8
 -0.002483974774545894   10    7    9    9
 -0.004923017100030462   10    7   10    1
 0.001933614271901445   10    7   10    2
 -0.0008828087890971136   10    7   10    3
 0.002860274359772357   10    7   10    4
 0.04088432278941992   10    7   10    5
 0.008461489806190338   10    7   10    6
 0.01799413148955199   10    7   10    7
 -0.006367205727063082   10    8    1    1
 -1.548250507107014e-05   10    8    2    1
 -0.006498652057546573   10    8    2    2
 0.0006289154858601933   10    8    3    1
 -0.001411619633963647   10    8    3    2
 0.002956126814174415   10    8    3    3
 -0.0001366081932137818   10    8    4    1
 1.856293990396913e-05   10    8    4    2
 0.0001448690297775887   10    8    4    3
 0.002855998510659992   10    8    4    4
 -0.001200282915066119   10    8    5    1
 0.000535247346121076   10    8    5    2
 -0.0005443198026667873   10    8    5    3
 0.001253713600592309   10    8    5    4
 0.001634674930718362   10    8    5    5
 0.0002241842577393765   10    8    6    1
 7.741218278233919e-05   10    8    6    2
 0.0006875160664858639   10    8    6    3
 -0.0003046395669160454   10    8    6    4
 0.001446597294134425   10    8    6    5
 -0.006643869515195519   10    8    6    6
 0.0003096880550256307   10    8    7    1
 -0.0001345597043976362   10    8    7    2
 -9.989664352147586e-05   10    8    7    3
 -0.0003814836731954892   10    8    7    4
 8.058667139240046e-05   10    8    7    5
 0.0001273926548741459   10    8    7    6
 0.00301633516481721   10    8    7    7
 0.0007564487922984704   10    8    8    1
 -0.002023037156004986   10    8    8    2
 0.006785273873287418   10    8    8    3
 0.0001115608768471553   10    8    8    4
 -0.0001093784133068726   10    8    8    5
 0.000691334688954969   10    8    8    6
 -0.0001537509966646167   10    8    8    7
 0.00313780739250832   10    8    8    8
 -4.970831911284458e-05   10    8    9    1
 -0.0003654558239287349   10    8    9    2
 -0.001803938571088929   10    8    9    3
 0.000126812367762301   10    8    9    4
 -0.0005618574032058006   10    8    9    5
 -0.0001754228000768905   10    8    9    6
 -1.228180577314398e-05   10    8    9    7
 -0.001618667172572124   10    8    9    8
 -0.006772012799079081   10    8    9    9
 -0.001643041247648475   10    8   10    1
 0.0006242117265271515   10    8   10    2
 6.68444883864915e-05   10    8   10    3
 2.780623238223895e-05   10    8   10    4
 0.006032856112868222   10    8   10    5
 0.001391110548735003   10    8   10    6
 0.001369855076153405   10    8   10    7
 0.0005810503314005685   10    8   10    8
 0.01897154725473126   10    9    1    1
 0.003014348081174174   10    9    2    1
 -0.0007626836518774795   10    9    2    2
 0.0002345596416054471   10    9    3    1
 -0.002986984476818251   10    9    3    2
 -0.005732479264339294   10    9    3    3
 0.0002345596418198367   10    9    4    1
 0.0005540488575797317   10    9    4    2
 -1.831349809691919e-05   10    9    4    3
 -0.005732479265495599   10    9    4    4
 0.003014348080188631   10    9    5    1
 -0.002571119442534437   10    9    5    2
 0.0005540488575420824   10    9    5    3
 -0.002986984476246929   10    9    5    4
 -0.0007626836562419724   10    9    5    5
 1.220969750810413e-12   10    9    6    1
 0.003420864185839409   10    9    6    2
 -0.0008241501537319419   10    9    6    3
 0.0008241501538971555   10    9    6    4
 -0.003420864186471824   10    9    6    5
 0.01975768326856998   10    9    6    6
 -0.0008549655151518732   10    9    7    1
 -0.0002330845791037084   10    9    7    2
 -1.230292896702483e-06   10    9    7    3
 0.0007699366311874316   10    9    7    4
 0.0001752177162017678   10    9    7    5
 -0.000200633184050809   10    9    7    6
 -0.006073090358821645   10    9    7    7
 -0.0008549655147586091   10    9    8    1
 0.0001752177166374002   10    9    8    2
 0.0007699366326682499   10    9    8    3
 -1.230292858333619e-06   10    9    8    4
 -0.0002330845799295833   10    9    8    5
 0.0002006331840459146   10    9    8    6
 1.73635140976619e-05   10    9    8    7
 -0.006073090357715315   10    9    8    8
 0.003958748664947741   10    9    9    1
 -0.0147745306228107   10    9    9    2
 0.0003037397204391174   10    9    9    3
 0.0002796139407479127   10    9    9    4
 -0.0001055020687358965   10    9    9    5
 0.00357172165660081   10    9    9    6
 -0.0005940798098102132   10    9    9    7
 -0.003231280304205279   10    9    9    8
 -0.000812738938306599   10    9    9    9
 0.00395874866580756   10    9   10    1
 -0.0001055020692812214   10    9   10    2
 0.0002796139408285317   10    9   10    3
 0.000303739719901793   10    9   10    4
 -0.01477453062049697   10    9   10    5
 -0.003571721655138583   10    9   10    6
 -0.003231280303794457   10    9   10    7
 -0.0005940798094843399   10    9   10    8
 0.002784734492502759   10    9   10    9
 0.2081816676780783   10   10    1    1
 -0.01056745206829163   10   10    2    1
 0.09400459016486372   10   10    2    2
 0.005003148392808006   10   10    3    1
 -0.002678702359126499   10   10    3    2
 0.05923434532130029   10   10    3    3
 -0.01716134126669827   10   10    4    1
 0.006442640140579609   10   10    4    2
 -0.002585121638578779   10   10    4    3
 0.2099313057502068   10   10    4    4
 0.01153097602030991   10   10    5    1
 0.001393583074587064   10   10    5    2
 -0.001928220999558502   10   10    5    3
 0.01522093241425054   10   10    5    4
 0.5102610221868831   10   10    5    5
 -0.04930675342327783   10   10    6    1
 0.0204181799369063   10   10    6    2
 -0.008753058991918744   10   10    6    3
 0.0008867746196130033   10   10    6    4
 0.06059977074050008   10   10    6    5
 0.2156525586690315   10   10    6    6
 -0.002613270959481152   10   10    7    1
 -0.0001817255010378027   10   10    7    2
 0.0001834715237708601   10   10    7    3
 -0.0459169056967678   10   10    7    4
 0.05988000049740951   10   10    7    5
 0.01848784691421108   10   10    7    6
 0.2164734356451249   10   10    7    7
 -0.008639700065096186   10   10    8    1
 0.006337647128063569   10   10    8    2
 -0.005365463877624612   10   10    8    3
 -0.0003789916711686785   10   10    8    4
 0.01084169011011949   10   10    8    5
 0.005013630602180002   10   10    8    6
 0.002720438457516663   10   10    8    7
 0.05938021011889424   10   10    8    8
 0.02028414471948803   10   10    9    1
 -0.0130165581552621   10   10    9    2
 0.00632734807560011   10   10    9    3
 0.000683870107601359   10   10    9    4
 -0.02505808335955895   10   10    9    5
 -0.009747627992635148   10   10    9    6
 -0.006772012793889988   10   10    9    7
 -0.002483974774078411   10   10    9    8
 0.09482519344893968   10   10    9    9
 -0.05928211742724568   10   10   10    1
 0.0253119201566028   10   10   10    2
 -0.01101341356309156   10   10   10    3
 0.05936042359376149   10   10   10    4
 -0.004948624341695664   10   10   10    5
 -0.01832322357508541   10   10   10    6
 0.02163837341050166   10   10   10    7
 0.001745854676977677   10   10   10    8
 -0.0008127389429283884   10   10   10    9
 0.5366004563088528   10   10   10   10
 -1.982086854817222    1    1  0  0
 -0.04287599899822582    2    1  0  0
 -1.922118502889241    2    2  0  0
 0.02243354678272306    3    1  0  0
 -0.05629553934194167    3    2  0  0
 -1.643776143892271    3    3  0  0
 0.02243354678259147    4    1  0  0
 -0.01295319037397785    4    2  0  0
 0.008957682599621181    4    3  0  0
 -1.643776143892257    4    4  0  0
 -0.04287599899820829    5    1  0  0
 0.01767681460866169    5    2  0  0
 -0.01295319037396075    5    3  0  0
 -0.0562955393419642    5    4  0  0
 -1.922118502889224    5    5  0  0
 -1.563868019133959e-13    6    1  0  0
 -0.02242601424711093    6    2  0  0
 0.02596113605318928    6    3  0  0
 -0.02596113605388563    6    4  0  0
 0.02242601424717318    6    5  0  0
 -1.746708940809849    6    6  0  0
 0.01771749884283329    7    1  0  0
 -0.006101073145153391    7    2  0  0
 -0.001067271420396402    7    3  0  0
 0.1367803578593616    7    4  0  0
 -0.0411131331544882    7    5  0  0
 -0.006188080086257833    7    6  0  0
 -1.416337416524386    7    7  0  0
 0.01771749884220861    8    1  0  0
 -0.04111313315457831    8    2  0  0
 0.1367803578598902    8    3  0  0
 -0.00106727142806689    8    4  0  0
 -0.006101073142008829    8    5  0  0
 0.006188080080303856    8    6  0  0
 -0.005385106752141721    8    7  0  0
 -1.416337416523082    8    8  0  0
 -0.001728681632496743    9    1  0  0
 0.03446912490100095    9    2  0  0
 -0.06335220701596321    9    3  0  0
 0.01022025141467363    9    4  0  0
 -0.004176574162224891    9    5  0  0
 0.04738960052481583    9    6  0  0
 0.005798049575600718    9    7  0  0
 0.03823464836025564    9    8  0  0
 -1.687389435901088    9    9  0  0
 -0.001728681633200536   10    1  0  0
 -0.00417657416036036   10    2  0  0
 0.01022025140825737   10    3  0  0
 -0.06335220701566885   10    4  0  0
 0.03446912490140398   10    5  0  0
 -0.04738960052590149   10    6  0  0
 0.03823464836124973   10    7  0  0
 0.005798049562304407   10    8  0  0
 -0.001847120291751082   10    9  0  0
 -1.687389435902783   10   10  0  0
 6.37978775367589  0  0  0  0
