 &FCI NORB=  10,NELEC=10,MS2=0,
  ORBSYM=1,1,1,1,1,1,1,1,1,1,
  ISYM=1,
 &END
 0.4930713145456138    1    1    1    1
 0.01317257415307179    2    1    1    1
 0.01716052712307837    2    1    2    1
 0.2006737553547253    2    2    1    1
 0.01088213860336262    2    2    2    1
 0.4965906562563409    2    2    2    2
 0.0002401623681755326    3    1    1    1
 -0.00270545827232026    3    1    2    1
 -0.01616564197476259    3    1    2    2
 0.002397246707534353    3    1    3    1
 -0.008130973285975434    3    2    1    1
 -0.007983985489104712    3    2    2    1
 0.01413497576520033    3    2    2    2
 -0.003343245505180364    3    2    3    1
 0.01602330815075823    3    2    3    2
 0.09315015967232958    3    3    1    1
 -0.01074338860646716    3    3    2    1
 0.2017810608585178    3    3    2    2
 0.004084282118526531    3    3    3    1
 0.004084694637634916    3    3    3    2
 0.518163097894521    3    3    3    3
 0.0002401623683198168    4    1    1    1
 0.002860886261828395    4    1    2    1
 0.004617162564700332    4    1    2    2
 -0.0009500839221285722    4    1    3    1
 -3.471626215503509e-05    4    1    3    2
 0.001563216904370344    4    1    3    3
 0.00239724670753099    4    1    4    1
 0.006009553138300936    4    2    1    1
 0.001262485251203183    4    2    2    1
 -0.001867919628440687    4    2    2    2
 0.0001254481617731186    4    2    3    1
 -0.001251672111750238    4    2    3    2
 -0.002801564187007063    4    2    3    3
 -0.0006597936283350093    4    2    4    1
 0.0005587674173109623    4    2    4    2
 -0.002323103376630513    4    3    1    1
 -9.616522871342598e-06    4    3    2    1
 -0.002448628727881216    4    3    2    2
 0.0002932858921404574    4    3    3    1
 -0.0006854256336743551    4    3    3    2
 0.001953395440267086    4    3    3    3
 0.0002932858921376664    4    3    4    1
 -0.0001493505491333888    4    3    4    2
 0.0001395357979399609    4    3    4    3
 0.0931501596723255    4    4    1    1
 -0.003083229263577918    4    4    2    1
 0.05903981286000828    4    4    2    2
 0.001563216904350173    4    4    3    1
 -0.0009716895963448373    4    4    3    2
 0.04321461561870292    4    4    3    3
 0.004084282118369888    4    4    4    1
 -0.003311572683448238    4    4    4    2
 0.001953395440260091    4    4    4    3
 0.5181630978945252    4    4    4    4
 0.01317257415304842    5    1    1    1
 -0.008449443331908165    5    1    2    1
 -0.009650421014176649    5    1    2    2
 0.002860886261822112    5    1    3    1
 2.257427640025449e-05    5    1    3    2
 -0.003083229263588393    5    1    3    3
 -0.002705458272313582    5    1    4    1
 8.100948436656626e-05    5    1    4    2
 -9.616522868608774e-06    5    1    4    3
 -0.01074338860645613    5    1    4    4
 0.01716052712308377    5    1    5    1
 -0.0173120273183067    5    2    1    1
 -0.003198116307262338    5    2    2    1
 0.001363568569989658    5    2    2    2
 -0.0001927448733262046    5    2    3    1
 0.002981084748974102    5    2    3    2
 0.005616798903455667    5    2    3    3
 -0.0001927448733326129    5    2    4    1
 -0.0005641110990421155    5    2    4    2
 1.694129408567689e-05    5    2    4    3
 0.005616798903436497    5    2    4    4
 -0.003198116307259781    5    2    5    1
 0.002622388380440559    5    2    5    2
 0.006009553138290382    5    3    1    1
 8.100948436947359e-05    5    3    2    1
 0.006097191468790098    5    3    2    2
 -0.0006597936283405634    5    3    3    1
 0.001489618834105451    5    3    3    2
 -0.003311572683427864    5    3    3    3
 0.0001254481617781519    5    3    4    1
 -1.035586796433858e-05    5    3    4    2
 -0.0001493505491335064    5    3    4    3
 -0.002801564187010152    5    3    4    4
 0.001262485251195329    5    3    5    1
 -0.0005641110990391103    5    3    5    2
 0.0005587674173105115    5    3    5    3
 -0.008130973285969539    5    4    1    1
 2.257427639677094e-05    5    4    2    1
 -0.002551761348710043    5    4    2    2
 -3.471626215063435e-05    5    4    3    1
 5.552080644469422e-05    5    4    3    2
 -0.0009716895963460406    5    4    3    3
 -0.003343245505184675    5    4    4    1
 0.001489618834102962    5    4    4    2
 -0.0006854256336739703    5    4    4    3
 0.004084694637624785    5    4    4    4
 -0.007983985489101132    5    4    5    1
 0.002981084748968906    5    4    5    2
 -0.001251672111747623    5    4    5    3
 0.01602330815075386    5    4    5    4
 0.2006737553547397    5    5    1    1
 -0.009650421014161834    5    5    2    1
 0.09318585172799902    5    5    2    2
 0.004617162564646723    5    5    3    1
 -0.00255176134870493    5    5    3    2
 0.05903981286000735    5    5    3    3
 -0.01616564197476183    5    5    4    1
 0.006097191468777511    5    5    4    2
 -0.00244862872787594    5    5    4    3
 0.2017810608585104    5    5    4    4
 0.01088213860339585    5    5    5    1
 0.001363568569943852    5    5    5    2
 -0.001867919628465025    5    5    5    3
 0.01413497576521299    5    5    5    4
 0.4965906562563353    5    5    5    5
 -6.975973335567839e-13    6    1    1    1
 0.04165869132286602    6    1    2    1
 0.04553819333336498    6    1    2    2
 -0.01309699857551772    6    1    3    1
 -0.001222465981980401    6    1    3    2
 0.01352987197360562    6    1    3    3
 0.01309699857547864    6    1    4    1
 0.0001444676472498835    6    1    4    2
 -8.596230515350253e-15    6    1    4    3
 -0.01352987197360008    6    1    4    4
 -0.04165869132291702    6    1    5    1
 4.259042299874018e-14    6    1    5    2
 -0.0001444676472410548    6    1    5    3
 0.001222465982045701    6    1    5    4
 -0.04553819333266954    6    1    5    5
 0.2042415963010694    6    1    6    1
 0.05731284698571643    6    2    1    1
 0.00161065131005294    6    2    2    1
 -0.05933746991415917    6    2    2    2
 0.002712004037666549    6    2    3    1
 -0.00358319290692907    6    2    3    2
 -0.02064865242992507    6    2    3    3
 -0.0005386529650099582    6    2    4    1
 0.001570135735864754    6    2    4    2
 -1.284254142538135e-05    6    2    4    3
 0.006960509259377051    6    2    4    4
 0.003236028593376062    6    2    5    1
 -0.003642208635613179    6    2    5    2
 3.648285808618339e-05    6    2    5    3
 -0.0007863288730325067    6    2    5    4
 0.01941989242300521    6    2    5    5
 -0.00462470916987767    6    2    6    1
 0.02459996625277991    6    2    6    2
 -0.02194563965465591    6    3    1    1
 0.0002893917902994662    6    3    2    1
 -0.0009364421722893913    6    3    2    2
 0.0005438915827545124    6    3    3    1
 -0.001697755026109521    6    3    3    2
 0.02449905656328457    6    3    3    3
 0.0001964497822327137    6    3    4    1
 -0.0003097977953262648    6    3    4    2
 0.0003397186272704417    6    3    4    3
 -0.003277244916536367    6    3    4    4
 -0.001187317476175511    6    3    5    1
 0.0008091483708039837    6    3    5    2
 -0.000722561976823485    6    3    5    3
 0.0002991427742536216    6    3    5    4
 -0.008365792724292108    6    3    5    5
 0.002810408820675402    6    3    6    1
 -0.004449011469200611    6    3    6    2
 0.003076518286022273    6    3    6    3
 0.02194563965453858    6    4    1    1
 0.001187317476195593    6    4    2    1
 0.008365792724427262    6    4    2    2
 -0.0001964497822559074    6    4    3    1
 -0.0002991427742368313    6    4    3    2
 0.003277244916538627    6    4    3    3
 -0.0005438915828340707    6    4    4    1
 0.0007225619768686043    6    4    4    2
 -0.0003397186272917031    6    4    4    3
 -0.02449905656241459    6    4    4    4
 -0.000289391790367008    6    4    5    1
 -0.0008091483707890786    6    4    5    2
 0.0003097977953266834    6    4    5    3
 0.001697755026512414    6    4    5    4
 0.0009364421718805466    6    4    5    5
 0.002810408820715064    6    4    6    1
 0.002896788361301935    6    4    6    2
 -0.001057985208189036    6    4    6    3
 0.003076518286002456    6    4    6    4
 -0.0573128469852446    6    5    1    1
 -0.003236028593386893    6    5    2    1
 -0.01941989242325759    6    5    2    2
 0.0005386529650530055    6    5    3    1
 0.0007863288729980677    6    5    3    2
 -0.006960509259351409    6    5    3    3
 -0.002712004037658301    6    5    4    1
 -3.648285810711849e-05    6    5    4    2
 1.284254144005271e-05    6    5    4    3
 0.02064865242988312    6    5    4    4
 -0.001610651309425397    6    5    5    1
 0.003642208635382856    6    5    5    2
 -0.001570135735786171    6    5    5    3
 0.003583192906307316    6    5    5    4
 0.0593374699138569    6    5    5    5
 -0.004624709169584317    6    5    6    1
 -0.008199255557743732    6    5    6    2
 0.002896788361339334    6    5    6    3
 -0.004449011469368984    6    5    6    4
 0.02459996625254319    6    5    6    5
 0.5068093501914497    6    6    1    1
 0.01407165410150061    6    6    2    1
 0.2085315084949597    6    6    2    2
 0.0001825835232277279    6    6    3    1
 -0.00896149042967748    6    6    3    2
 0.09401130358707982    6    6    3    3
 0.0001825835232834964    6    6    4    1
 0.006346245206397975    6    6    4    2
 -0.002436594519433443    6    6    4    3
 0.09401130358689766    6    6    4    4
 0.0140716541020983    6    6    5    1
 -0.01837841005276693    6    6    5    2
 0.006346245206436361    6    6    5    3
 -0.008961490429979508    6    6    5    4
 0.2085315084952377    6    6    5    5
 -1.697392659732486e-12    6    6    6    1
 0.06026145403068781    6    6    6    2
 -0.02314858828363939    6    6    6    3
 0.02314858828345273    6    6    6    4
 -0.06026145403012637    6    6    6    5
 0.5331236334006249    6    6    6    6
 -0.02215044580875466    7    1    1    1
 -0.00108504366953855    7    1    2    1
 -0.00818553182761852    7    1    2    2
 0.0001709612148009283    7    1    3    1
 0.0002696533966113794    7    1    3    2
 -0.003266462132158046    7    1    3    3
 0.0005183970204290095    7    1    4    1
 -0.0007015530790754695    7    1    4    2
 0.0003320375053101402    7    1    4    3
 0.02387765817655037    7    1    4    4
 0.0004411170993651579    7    1    5    1
 0.0007249207234930477    7    1    5    2
 -0.0002773964139863147    7    1    5    3
 -0.001544398989355119    7    1    5    4
 -0.002389789242899985    7    1    5    5
 -0.002604962667489793    7    1    6    1
 -0.00279928820437337    7    1    6    2
 0.001031327142422331    7    1    6    3
 -0.002932137200148049    7    1    6    4
 0.003800660586517696    7    1    6    5
 -0.02278952765268857    7    1    6    6
 0.003063048151095919    7    1    7    1
 0.001268152596132902    7    2    1    1
 -0.0005699954038624347    7    2    2    1
 0.01054931981380275    7    2    2    2
 -0.0002679102920314621    7    2    3    1
 0.0006773634186157032    7    2    3    2
 0.004536217950840272    7    2    3    3
 -0.0004171820203504004    7    2    4    1
 8.636222511094635e-05    7    2    4    2
 -0.0001575279642768673    7    2    4    3
 -0.01148817314751761    7    2    4    4
 1.909729468309085e-06    7    2    5    1
 0.0002653660554841974    7    2    5    2
 0.0001170767582423353    7    2    5    3
 0.0008765216006904415    7    2    5    4
 -0.0001873811246998216    7    2    5    5
 -0.0008859107900201322    7    2    6    1
 -0.001939857679009249    7    2    6    2
 9.912359590318423e-05    7    2    6    3
 0.0008690833322594267    7    2    6    4
 -0.0003063529632395066    7    2    6    5
 0.001357051664875979    7    2    6    6
 -0.00091920213123941    7    2    7    1
 0.0006934674399199488    7    2    7    2
 -5.403579743571821e-05    7    3    1    1
 4.956912580288914e-05    7    3    2    1
 -0.0003685236566958752    7    3    2    2
 -0.0002289304532437221    7    3    3    1
 0.0004755684937199992    7    3    3    2
 -0.005439253388052227    7    3    3    3
 0.0002229134705925947    7    3    4    1
 -0.0001057495311907564    7    3    4    2
 -8.480279696535008e-07    7    3    4    3
 0.005353826888913879    7    3    4    4
 -4.297852153528177e-05    7    3    5    1
 -1.627783115178958e-06    7    3    5    2
 0.0001085392782055686    7    3    5    3
 -0.0004391175577063977    7    3    5    4
 0.0001873986110769199    7    3    5    5
 0.0004118469025214285    7    3    6    1
 0.0001005927663257788    7    3    6    2
 -0.0003845304930062494    7    3    6    3
 -0.0003743070102566803    7    3    6    4
 6.144489993855081e-05    7    3    6    5
 -5.917939153580642e-05    7    3    6    6
 0.0003973860167544606    7    3    7    1
 -0.0002000185728297131    7    3    7    2
 0.0001684582952469027    7    3    7    3
 -0.01193052467300467    7    4    1    1
 0.0003725873003012942    7    4    2    1
 -0.005300559550846656    7    4    2    2
 -0.0001868979608058038    7    4    3    1
 0.0001193033845122535    7    4    3    2
 -0.002903890236500927    7    4    3    3
 0.01463460674582516    7    4    4    1
 -0.006617115036601733    7    4    4    2
 0.00300659814686724    7    4    4    3
 -0.008527581365415288    7    4    4    4
 0.001411404208202298    7    4    5    1
 -0.0007042216969963626    7    4    5    2
 0.0003462432681050367    7    4    5    3
 -0.04207794969879319    7    4    5    4
 -0.04187353788246925    7    4    5    5
 0.001726549734210205    7    4    6    1
 -0.0009868806801493898    7    4    6    2
 0.0004221094123976203    7    4    6    3
 -0.005178667897911277    7    4    6    4
 -0.00353142558777409    7    4    6    5
 -0.01221382729284811    7    4    6    6
 0.00561325525550731    7    4    7    1
 -0.003090957555831816    7    4    7    2
 0.001589960473258147    7    4    7    3
 0.2198629869590996    7    4    7    4
 0.01711777621584862    7    5    1    1
 -0.0008343988016112558    7    5    2    1
 0.00619487503733491    7    5    2    2
 0.0004090525551310427    7    5    3    1
 -0.0002285461378557856    7    5    3    2
 0.002995618274537917    7    5    3    3
 -0.003857283961702881    7    5    4    1
 0.001826642287077    7    5    4    2
 -0.0008580657093150234    7    5    4    3
 -0.05574501589948649    7    5    4    4
 0.00180312164267028    7    5    5    1
 -6.753029049812844e-05    7    5    5    2
 -0.0001241156300140083    7    5    5    3
 0.003631840577316052    7    5    5    4
 0.05872369771936655    7    5    5    5
 -0.003337916234877082    7    5    6    1
 0.00189797890038372    7    5    6    2
 -0.0007929046559067489    7    5    6    3
 0.004647887715422877    7    5    6    4
 0.008645134668593187    7    5    6    5
 0.01829705037887028    7    5    6    6
 -0.005288415820346928    7    5    7    1
 0.002312569153662832    7    5    7    2
 -0.001059714495696199    7    5    7    3
 -0.01095619053770604    7    5    7    4
 0.02319839932607332    7    5    7    5
 0.0002356458141330704    7    6    1    1
 -0.002855251357413283    7    6    2    1
 -0.004701369191685434    7    6    2    2
 0.0009555533342592124    7    6    3    1
 4.426975015248251e-05    7    6    3    2
 -0.001548154960246835    7    6    3    3
 -0.002338663338516399    7    6    4    1
 0.000643121818317882    7    6    4    2
 -0.0002846604266199278    7    6    4    3
 -0.003263357487227944    7    6    4    4
 0.002521825315273709    7    6    5    1
 0.0002407342425719985    7    6    5    2
 -0.0001495760535143633    7    6    5    3
 0.003140942176927179    7    6    5    4
 0.01777956622017421    7    6    5    5
 -0.01326841729047687    7    6    6    1
 0.0006598209204843686    7    6    6    2
 -0.0002261802712463825    7    6    6    3
 0.0004250675012362981    7    6    6    4
 0.003273840555327945    7    6    6    5
 0.0002994049812207647    7    6    6    6
 -0.0006248905984690834    7    6    7    1
 0.0004435992597061404    7    6    7    2
 -0.0002369483188739253    7    6    7    3
 -0.01500771756533093    7    6    7    4
 0.004442557248620758    7    6    7    5
 0.002534931829073609    7    6    7    6
 0.09383925973743636    7    7    1    1
 -0.00321986949307073    7    7    2    1
 0.05918933925037376    7    7    2    2
 0.001625350448722926    7    7    3    1
 -0.001000203065011962    7    7    3    2
 0.04325428346715018    7    7    3    3
 0.004164877944288075    7    7    4    1
 -0.003394131667206683    7    7    4    2
 0.002003031502720519    7    7    4    3
 0.5301849315103945    7    7    4    4
 -0.01165533652232636    7    7    5    1
 0.006037259240705565    7    7    5    2
 -0.002997669738148677    7    7    5    3
 0.004517437083393323    7    7    5    4
 0.2087153300220877    7    7    5    5
 -0.01383546832103842    7    7    6    1
 0.007083395541125387    7    7    6    2
 -0.003333549297665982    7    7    6    3
 -0.02509502893706793    7    7    6    4
 0.02192441016273224    7    7    6    5
 0.09470390602486707    7    7    6    6
 0.02512063993675388    7    7    7    1
 -0.01206981047225651    7    7    7    2
 0.00562086846307547    7    7    7    3
 -0.007559791723314036    7    7    7    4
 -0.05838200788270361    7    7    7    5
 -0.00345932140164523    7    7    7    6
 0.5555822265273053    7    7    7    7
 -0.0221504458051357    8    1    1    1
 0.0004411170999895742    8    1    2    1
 -0.002389789241518265    8    1    2    2
 0.000518397020293876    8    1    3    1
 -0.001544398989439612    8    1    3    2
 0.02387765817703974    8    1    3    3
 0.0001709612150498646    8    1    4    1
 -0.0002773964139572046    8    1    4    2
 0.0003320375053013206    8    1    4    3
 -0.003266462134020004    8    1    4    4
 -0.001085043669970257    8    1    5    1
 0.0007249207233071983    8    1    5    2
 -0.0007015530790041351    8    1    5    3
 0.0002696533965019914    8    1    5    4
 -0.008185531830465498    8    1    5    5
 0.002604962670031532    8    1    6    1
 -0.003800660585939041    8    1    6    2
 0.002932137200005987    8    1    6    3
 -0.001031327142094129    8    1    6    4
 0.002799288203171362    8    1    6    5
 -0.02278952764904037    8    1    6    6
 0.001060877323846446    8    1    7    1
 4.330720066217401e-05    8    1    7    2
 -0.0003698337746191526    8    1    7    3
 0.0004228002266920876    8    1    7    4
 -0.0007728055114314994    8    1    7    5
 -0.0002002840651564301    8    1    7    6
 -0.003329144133048716    8    1    7    7
 0.003063048150787289    8    1    8    1
 0.01711777621623345    8    2    1    1
 0.001803121642582699    8    2    2    1
 0.05872369771725656    8    2    2    2
 -0.003857283961658878    8    2    3    1
 0.003631840577335821    8    2    3    2
 -0.05574501590010099    8    2    3    3
 0.0004090525551051322    8    2    4    1
 -0.0001241156299930251    8    2    4    2
 -0.0008580657093128233    8    2    4    3
 0.002995618275420464    8    2    4    4
 -0.0008343988016043453    8    2    5    1
 -6.753029048651281e-05    8    2    5    2
 0.001826642287048067    8    2    5    3
 -0.0002285461378240543    8    2    5    4
 0.006194875038566834    8    2    5    5
 0.003337916235063168    8    2    6    1
 -0.008645134668252799    8    2    6    2
 -0.004647887715675383    8    2    6    3
 0.0007929046559144848    8    2    6    4
 -0.001897978900301565    8    2    6    5
 0.01829705037926592    8    2    6    6
 -0.0007728055112178909    8    2    7    1
 0.001337918259701104    8    2    7    2
 0.0009492247016856584    8    2    7    3
 -0.0003840904735851872    8    2    7    4
 0.0005638531082246616    8    2    7    5
 -0.0004389275805342699    8    2    7    6
 0.003027924978292538    8    2    7    7
 -0.005288415820296849    8    2    8    1
 0.02319839932549275    8    2    8    2
 -0.01193052467319844    8    3    1    1
 0.001411404208200513    8    3    2    1
 -0.04187353788222564    8    3    2    2
 0.01463460674584745    8    3    3    1
 -0.04207794969884954    8    3    3    2
 -0.008527581364686466    8    3    3    3
 -0.0001868979607982204    8    3    4    1
 0.0003462432680978046    8    3    4    2
 0.003006598146878271    8    3    4    3
 -0.002903890236911097    8    3    4    4
 0.0003725873003080054    8    3    5    1
 -0.0007042216970062869    8    3    5    2
 -0.006617115036617515    8    3    5    3
 0.0001193033844975185    8    3    5    4
 -0.005300559551382785    8    3    5    5
 -0.00172654973432641    8    3    6    1
 0.00353142558792527    8    3    6    2
 0.005178667895664199    8    3    6    3
 -0.0004221094124149175    8    3    6    4
 0.0009868806801409747    8    3    6    5
 -0.01221382729342473    8    3    6    6
 0.0004228002266855856    8    3    7    1
 -0.0006290051936478065    8    3    7    2
 -0.001494708447039496    8    3    7    3
 0.0003235975301570369    8    3    7    4
 -0.0003840904736383301    8    3    7    5
 0.0001798640458632615    8    3    7    6
 -0.002920522092725701    8    3    7    7
 0.005613255255590837    8    3    8    1
 -0.0109561905377077    8    3    8    2
 0.2198629869594988    8    3    8    3
 -5.40357960250324e-05    8    4    1    1
 -4.297852157342356e-05    8    4    2    1
 0.000187398611584982    8    4    2    2
 0.0002229134706196177    8    4    3    1
 -0.0004391175577276309    8    4    3    2
 0.005353826889169955    8    4    3    3
 -0.0002289304539264836    8    4    4    1
 0.0001085392785240349    8    4    4    2
 -8.48028114940782e-07    8    4    4    3
 -0.005439253390628833    8    4    4    4
 4.956912584617258e-05    8    4    5    1
 -1.627783109013501e-06    8    4    5    2
 -0.0001057495312028182    8    4    5    3
 0.0004755684953663933    8    4    5    4
 -0.000368523652774806    8    4    5    5
 -0.0004118469027058955    8    4    6    1
 -6.144489976599523e-05    8    4    6    2
 0.0003743070101922434    8    4    6    3
 0.000384530493440259    8    4    6    4
 -0.0001005927659234827    8    4    6    5
 -5.917939006868123e-05    8    4    6    6
 -0.0003698337750442142    8    4    7    1
 0.0001849425698979457    8    4    7    2
 -0.0001617419383918414    8    4    7    3
 -0.001494708454908155    8    4    7    4
 0.0009492247030232186    8    4    7    5
 0.0002110988089070963    8    4    7    6
 -0.00556501997479742    8    4    7    7
 0.0003973860167063629    8    4    8    1
 -0.001059714495666236    8    4    8    2
 0.001589960473246688    8    4    8    3
 0.0001684582954475297    8    4    8    4
 0.001268152592999888    8    5    1    1
 1.909729518321679e-06    8    5    2    1
 -0.0001873811255894611    8    5    2    2
 -0.0004171820203934951    8    5    3    1
 0.0008765216007258689    8    5    3    2
 -0.01148817314792009    8    5    3    3
 -0.0002679102919446551    8    5    4    1
 0.00011707675819097    8    5    4    2
 -0.0001575279642557571    8    5    4    3
 0.004536217955132531    8    5    4    4
 -0.0005699954057954066    8    5    5    1
 0.0002653660561666822    8    5    5    2
 8.636222483722381e-05    8    5    5    3
 0.0006773634202791225    8    5    5    4
 0.01054931981213381    8    5    5    5
 0.0008859107904663479    8    5    6    1
 0.0003063529628540927    8    5    6    2
 -0.0008690833321295613    8    5    6    3
 -9.91235960354036e-05    8    5    6    4
 0.001939857679150513    8    5    6    5
 0.001357051661488483    8    5    6    6
 4.330720077028735e-05    8    5    7    1
 -5.392969751710922e-05    8    5    7    2
 0.0001849425697096018    8    5    7    3
 -0.0006290051937460229    8    5    7    4
 0.001337918258990677    8    5    7    5
 0.0003249283502408773    8    5    7    6
 0.004758696621419366    8    5    7    7
 -0.0009192021311962444    8    5    8    1
 0.002312569153636318    8    5    8    2
 -0.003090957555813865    8    5    8    3
 -0.0002000185727702643    8    5    8    4
 0.0006934674400388244    8    5    8    5
 -0.0002356458101675435    8    6    1    1
 -0.002521825314333162    8    6    2    1
 -0.01777956621977963    8    6    2    2
 0.002338663338343404    8    6    3    1
 -0.003140942177318689    8    6    3    2
 0.003263357482376086    8    6    3    3
 -0.000955553334061181    8    6    4    1
 0.0001495760536089347    8    6    4    2
 0.0002846604265923939    8    6    4    3
 0.001548154961348173    8    6    4    4
 0.002855251356776385    8    6    5    1
 -0.0002407342427774214    8    6    5    2
 -0.0006431218182757624    8    6    5    3
 -4.426975001675651e-05    8    6    5    4
 0.004701369191930559    8    6    5    5
 -0.01326841728813558    8    6    6    1
 0.003273840556130351    8    6    6    2
 0.0004250675006864876    8    6    6    3
 -0.0002261802710351535    8    6    6    4
 0.0006598209197603204    8    6    6    5
 -0.0002994049769340726    8    6    6    6
 0.0002002840647066278    8    6    7    1
 -0.0003249283504128544    8    6    7    2
 -0.0002110988081565337    8    6    7    3
 -0.0001798640454816522    8    6    7    4
 0.0004389275804492452    8    6    7    5
 0.001000023407332114    8    6    7    6
 0.00160645299041338    8    6    7    7
 0.0006248905978686097    8    6    8    1
 -0.004442557247688527    8    6    8    2
 0.0150077175658784    8    6    8    3
 0.0002369483188313533    8    6    8    4
 -0.0004435992596065754    8    6    8    5
 0.002534931828723685    8    6    8    6
 0.002374910153801435    8    7    1    1
 -1.090427944303828e-05    8    7    2    1
 0.002614471536808667    8    7    2    2
 -0.000281869929299687    8    7    3    1
 0.0006480902502517938    8    7    3    2
 -0.001795588979950877    8    7    3    3
 -0.0002818699295617805    8    7    4    1
 0.0001417464340307443    8    7    4    2
 -0.0001353187526675272    8    7    4    3
 -0.00179558899592165    8    7    4    4
 -1.090427944605386e-05    8    7    5    1
 -3.390503277917659e-06    8    7    5    2
 0.0001417464338896134    8    7    5    3
 0.0006480902507611421    8    7    5    4
 0.002614471532947451    8    7    5    5
 3.632003546476674e-13    8    7    6    1
 -4.532325033362902e-05    8    7    6    2
 -0.0003199377842863914    8    7    6    3
 0.000319937785335411    8    7    6    4
 4.532324954687925e-05    8    7    6    5
 0.002475046580873752    8    7    6    6
 -0.0003494545677322183    8    7    7    1
 0.0001694239803118852    8    7    7    2
 -5.231474026361325e-06    8    7    7    3
 -0.003076193973921611    8    7    7    4
 0.0009448032667200339    8    7    7    5
 0.0003080100456237069    8    7    7    6
 -0.001902578587213782    8    7    7    7
 -0.0003494545666737476    8    7    8    1
 0.0009448032643472135    8    7    8    2
 -0.003076193971976117    8    7    8    3
 -5.231473462713509e-06    8    7    8    4
 0.0001694239797150539    8    7    8    5
 -0.00030801004533567    8    7    8    6
 0.0001435092046188387    8    7    8    7
 0.09383925973665501    8    8    1    1
 -0.01165533652245707    8    8    2    1
 0.2087153300210877    8    8    2    2
 0.004164877944552412    8    8    3    1
 0.004517437083278367    8    8    3    2
 0.5301849315109287    8    8    3    3
 0.001625350448728614    8    8    4    1
 -0.002997669738160114    8    8    4    2
 0.002003031502751275    8    8    4    3
 0.04325428346755265    8    8    4    4
 -0.00321986949312235    8    8    5    1
 0.006037259240791187    8    8    5    2
 -0.00339413166724741    8    8    5    3
 -0.001000203064946929    8    8    5    4
 0.05918933925042975    8    8    5    5
 0.01383546832075519    8    8    6    1
 -0.02192441016274484    8    8    6    2
 0.02509502893802217    8    8    6    3
 0.003333549297612476    8    8    6    4
 -0.007083395540954688    8    8    6    5
 0.09470390602423941    8    8    6    6
 -0.0033291441310397    8    8    7    1
 0.004758696616840021    8    8    7    2
 -0.005565019972150228    8    8    7    3
 -0.002920522092126438    8    8    7    4
 0.003027924977321781    8    8    7    5
 -0.001606452989257514    8    8    7    6
 0.04329296355951371    8    8    7    7
 0.02512063993734445    8    8    8    1
 -0.05838200788365137    8    8    8    2
 -0.007559791721751084    8    8    8    3
 0.005620868463345734    8    8    8    4
 -0.01206981047268757    8    8    8    5
 0.003459321396621824    8    8    8    6
 -0.001902578570452723    8    8    8    7
 0.555582226528448    8    8    8    8
 0.05988364904976573    9    1    1    1
 0.0006645119794131166    9    1    2    1
 -0.05640684103793787    9    1    2    2
 0.002954281981858884    9    1    3    1
 -0.003884289325764153    9    1    3    2
 -0.02107669168648937    9    1    3    3
 -0.0004414584590877741    9    1    4    1
 0.001468220555191261    9    1    4    2
 1.599611063906927e-05    9    1    4    3
 0.006960777714229508    9    1    4    4
 0.002916207373696666    9    1    5    1
 -0.003361776556259696    9    1    5    2
 -4.671784053105876e-05    9    1    5    3
 -0.0007066627782557596    9    1    5    4
 0.01900720540989544    9    1    5    5
 -0.003411116394430808    9    1    6    1
 0.02228730520302542    9    1    6    2
 -0.004125713520255102    9    1    6    3
 0.00289224014546769    9    1    6    4
 -0.008115027714112636    9    1    6    5
 0.06113443347984673    9    1    6    6
 -0.003028631263561541    9    1    7    1
 -0.001776287313847088    9    1    7    2
 7.848379646763128e-05    9    1    7    3
 -0.0009940921533551864    9    1    7    4
 0.001860897827767018    9    1    7    5
 0.00052230301577954    9    1    7    6
 0.00711092978490086    9    1    7    7
 -0.004163263782841617    9    1    8    1
 -0.007728671544020648    9    1    8    2
 0.003870412448650745    9    1    8    3
 -8.734557373501278e-05    9    1    8    4
 0.000366616396872032    9    1    8    5
 0.002788643039268892    9    1    8    6
 6.588359927875206e-07    9    1    8    7
 -0.02209191907439581    9    1    8    8
 0.02447595389316658    9    1    9    1
 -0.04347556383177999    9    2    1    1
 -0.04199145446174142    9    2    2    1
 -0.005583416086353374    9    2    2    2
 -0.0003482182657475064    9    2    3    1
 0.03958730091452486    9    2    3    2
 0.05005365068408898    9    2    3    3
 -0.0006156530708933689    9    2    4    1
 -0.005926426683408598    9    2    4    2
 -0.0001748941501908416    9    2    4    3
 -0.005677446853672717    9    2    4    4
 0.001342346870940268    9    2    5    1
 0.01449495193141545    9    2    5    2
 0.0002987048597490436    9    2    5    3
 0.0003240655589353648    9    2    5    4
 -0.01271007263324577    9    2    5    5
 -0.008147007591485241    9    2    6    1
 -0.005010758279854101    9    2    6    2
 -0.001866609977954315    9    2    6    3
 -0.001389635130526199    9    2    6    4
 0.003679465685951237    9    2    6    5
 -0.04737298216426598    9    2    6    6
 0.001267043382344603    9    2    7    1
 0.001940673428954871    9    2    7    2
 0.0003975501791968723    9    2    7    3
 0.0006800857919213272    9    2    7    4
 -0.0009560864457646772    9    2    7    5
 0.0006609834406920543    9    2    7    6
 -0.005744651751569334    9    2    7    7
 -0.001835763870755342    9    2    8    1
 -0.001826675713512013    9    2    8    2
 -0.009477962912174055    9    2    8    3
 -0.0003869547029523382    9    2    8    4
 0.0008850489243276022    9    2    8    5
 -0.0002969886127621072    9    2    8    6
 0.0001984449585862608    9    2    8    7
 0.05369748811666446    9    2    8    8
 -0.006533953608752452    9    2    9    1
 0.2065904512614137    9    2    9    2
 0.0175320413479297    9    3    1    1
 0.002143793081133477    9    3    2    1
 0.05636628504070999    9    3    2    2
 -0.004194046052946297    9    3    3    1
 0.004703047212160267    9    3    3    2
 -0.05959395600057804    9    3    3    3
 0.0004385863834345184    9    3    4    1
 -7.106855385149166e-05    9    3    4    2
 -0.0009234352682312643    9    3    4    3
 0.003004220364886749    9    3    4    4
 -0.0009155361620549647    9    3    5    1
 -0.0001820920301153131    9    3    5    2
 0.001966985518817062    9    3    5    3
 -0.0002329876625063945    9    3    5    4
 0.006214788746343666    9    3    5    5
 0.003641986230732648    9    3    6    1
 -0.007785212463833262    9    3    6    2
 -0.005128830481956889    9    3    6    3
 0.0008043580108093899    9    3    6    4
 -0.001935732779258399    9    3    6    5
 0.01845832527498178    9    3    6    6
 -0.0007884276190074262    9    3    7    1
 0.001237514621267347    9    3    7    2
 0.001042143740629891    9    3    7    3
 -0.0003840214722829746    9    3    7    4
 0.000564755405426637    9    3    7    5
 -0.0004318163967660133    9    3    7    6
 0.003031933152792733    9    3    7    7
 -0.004961013133228062    9    3    8    1
 0.02114605173033571    9    3    8    2
 -0.009082888078911897    9    3    8    3
 -0.0009925726329666558    9    3    8    4
 0.002168212004616362    9    3    8    5
 -0.003897103577010082    9    3    8    6
 0.0008485370624249016    9    3    8    7
 -0.06056068264346895    9    3    8    8
 -0.007821378612006559    9    3    9    1
 -0.002833340527133885    9    3    9    2
 0.02364801242177259    9    3    9    3
 -0.0008806994136667836    9    4    1    1
 0.0004965781973471804    9    4    2    1
 -0.01045535464746479    9    4    2    2
 0.0003029756818619085    9    4    3    1
 -0.0007242998934454357    9    4    3    2
 -0.004640824449234323    9    4    3    3
 0.0004265218183409428    9    4    4    1
 -9.201492640357231e-05    9    4    4    2
 0.000162095028226627    9    4    4    3
 0.01171721430430058    9    4    4    4
 2.416491622899559e-06    9    4    5    1
 -0.0002584276028439275    9    4    5    2
 -0.0001253068593162802    9    4    5    3
 -0.0009621773802728566    9    4    5    4
 0.0006362518982142687    9    4    5    5
 0.0008552713347768487    9    4    6    1
 0.001869638630746537    9    4    6    2
 -0.0001004462107981244    9    4    6    3
 -0.0008876800522038411    9    4    6    4
 0.0003770590974121743    9    4    6    5
 -0.0009077698722440017    9    4    6    6
 0.0008510639888586248    9    4    7    1
 -0.0006661428867379947    9    4    7    2
 0.0001890719036157952    9    4    7    3
 0.002889359009864526    9    4    7    4
 -0.002069024640466294    9    4    7    5
 -0.0003857946924626909    9    4    7    6
 0.01199195214850339    9    4    7    7
 -8.197906797540166e-05    9    4    8    1
 -0.001279026794438996    9    4    8    2
 0.0006927860481096809    9    4    8    3
 -0.0001920443896933478    9    4    8    4
 7.044324131527542e-05    9    4    8    5
 0.0003095248001010054    9    4    8    6
 -0.0001553426189415329    9    4    8    7
 -0.004833015479199491    9    4    8    8
 0.002005186873923541    9    4    9    1
 -0.002079042722616115    9    4    9    2
 -0.001278593327679337    9    4    9    3
 0.000694891948017831    9    4    9    4
 -0.0007201945739789009    9    5    1    1
 -0.0007414057586138408    9    5    2    1
 0.02398626836896454    9    5    2    2
 -0.000832032555539731    9    5    3    1
 0.001564478064921258    9    5    3    2
 0.009926400972941318    9    5    3    3
 0.0007579741855817773    9    5    4    1
 -0.0005680900832578519    9    5    4    2
 -5.44794300048821e-06    9    5    4    3
 -0.009720663532041533    9    5    4    4
 0.0008828483188402228    9    5    5    1
 -8.700720275400939e-06    9    5    5    2
 0.0005848291359161837    9    5    5    3
 -0.001452466822104732    9    5    5    4
 -0.02435108016164029    9    5    5    5
 -0.001884773384178827    9    5    6    1
 -0.004809046968127283    9    5    6    2
 0.0003809450884136984    9    5    6    3
 0.0003513362754024389    9    5    6    4
 -0.004907198178822547    9    5    6    5
 -0.0008733000727782663    9    5    6    6
 -0.0002110676064088958    9    5    7    1
 0.0007403563854640783    9    5    7    2
 -5.633230890633405e-05    9    5    7    3
 0.001450317858006018    9    5    7    4
 -0.003200440331128269    9    5    7    5
 -0.0008955850702128675    9    5    7    6
 -0.0102222683448022    9    5    7    7
 0.0003383850262452901    9    5    8    1
 0.003037872735056943    9    5    8    2
 -0.001591510801389739    9    5    8    3
 6.455939477537896e-05    9    5    8    4
 -0.0007696435696256708    9    5    8    5
 -0.000852811001680491    9    5    8    6
 -7.594860684146955e-06    9    5    8    7
 0.01035759471171303    9    5    8    8
 -0.00514691320276844    9    5    9    1
 0.003865999912667845    9    5    9    2
 0.003049025804760706    9    5    9    3
 -0.0008112798913785229    9    5    9    4
 0.003358240615385053    9    5    9    5
 0.01888015221804291    9    6    1    1
 0.01648573665487301    9    6    2    1
 0.01686363704128248    9    6    2    2
 -0.002694831180436163    9    6    3    1
 -0.008022806969976501    9    6    3    2
 -0.01022849865971619    9    6    3    3
 0.002954058087792555    9    6    4    1
 0.001225349537168338    9    6    4    2
 -3.926401748268672e-05    9    6    4    3
 -0.002918518885857529    9    6    4    4
 -0.008490432150878793    9    6    5    1
 -0.003170168910845446    9    6    5    2
 0.0001642840385357025    9    6    5    3
 -5.022859456399707e-05    9    6    5    4
 -0.009095906989172517    9    6    5    5
 0.04326477159544401    9    6    6    1
 -0.0001026454537964724    9    6    6    2
 0.000303796632855648    9    6    6    3
 0.001518539847017045    9    6    6    4
 -0.0042793335910977    9    6    6    5
 0.0206404842566156    9    6    6    6
 -0.001423856022327959    9    6    7    1
 -0.0003742537179394647    9    6    7    2
 4.541544222534902e-05    9    6    7    3
 0.0003105416160534411    9    6    7    4
 -0.000808966123719263    9    6    7    5
 -0.003089770145200778    9    6    7    6
 -0.00304370603366736    9    6    7    7
 6.205015236867162e-06    9    6    8    1
 0.002800438347147795    9    6    8    2
 0.001197216908059584    9    6    8    3
 -5.883499959316903e-05    9    6    8    4
 2.905566944284915e-05    9    6    8    5
 -0.003036769411369353    9    6    8    6
 4.726684236415479e-05    9    6    8    7
 -0.01088188740661871    9    6    8    8
 0.002333090444182926    9    6    9    1
 -0.0438864356312156    9    6    9    2
 0.003132953690326003    9    6    9    3
 0.0005132436587567579    9    6    9    4
 -0.0007767625387775012    9    6    9    5
 0.01933009126759544    9    6    9    6
 -0.006367205732158118    9    7    1    1
 -0.00120028291586263    9    7    2    1
 0.001634674911553678    9    7    2    2
 -0.0001366081925041858    9    7    3    1
 0.001253713600309698    9    7    3    2
 0.002855998503546983    9    7    3    3
 0.0006289154858557065    9    7    4    1
 -0.0005443198027725372    9    7    4    2
 0.0001448690299621528    9    7    4    3
 0.002956126834812603    9    7    4    4
 -1.548250509358109e-05    9    7    5    1
 0.0005352473463742056    9    7    5    2
 1.856293954718268e-05    9    7    5    3
 -0.001411619633768369    9    7    5    4
 -0.00649865205262117    9    7    5    5
 -0.0002241842602830133    9    7    6    1
 -0.001446597291369516    9    7    6    2
 0.0003046395667695888    9    7    6    3
 -0.0006875160680352897    9    7    6    4
 -7.7412180905182e-05    9    7    6    5
 -0.006643869520523771    9    7    6    6
 0.0007564487938777615    9    7    7    1
 -0.0001093784145790406    9    7    7    2
 0.0001115608771162294    9    7    7    3
 0.006785273873497584    9    7    7    4
 -0.002023037158917894    9    7    7    5
 -0.0006913346889604228    9    7    7    6
 0.003137807414184159    9    7    7    7
 0.0003096880549007855    9    7    8    1
 8.058666906366148e-05    9    7    8    2
 -0.0003814836727642659    9    7    8    3
 -9.989664410984605e-05    9    7    8    4
 -0.0001345597040986488    9    7    8    5
 -0.0001273926542268748    9    7    8    6
 -0.0001537509969917421    9    7    8    7
 0.00301633515745968    9    7    8    8
 -0.001643041244820981    9    7    9    1
 0.006032856113773278    9    7    9    2
 2.780623002154138e-05    9    7    9    3
 6.684448969442016e-05    9    7    9    4
 0.0006242117249345173    9    7    9    5
 -0.001391110549983039    9    7    9    6
 0.0005810503316088876    9    7    9    7
 -0.007467645552242145    9    8    1    1
 -0.00802092812591255    9    8    2    1
 0.01972790282748125    9    8    2    2
 -0.003253469066655703    9    8    3    1
 0.01520996230168373    9    8    3    2
 0.01070260749560548    9    8    3    3
 8.593538836071965e-06    9    8    4    1
 -0.00131288742415062    9    8    4    2
 -0.0006469414073685619    9    8    4    3
 -0.0009115171729801654    9    8    4    4
 -7.249886424729916e-05    9    8    5    1
 0.003084084980576619    9    8    5    2
 0.001421709074552184    9    8    5    3
 3.403006314917666e-05    9    8    5    4
 -0.002368931444293844    9    8    5    5
 -0.000874101248329614    9    8    6    1
 -0.004515859429820212    9    8    6    2
 -0.001192671211058453    9    8    6    3
 -0.0002397971424414345    9    8    6    4
 0.0006356024791630981    9    8    6    5
 -0.008042828370122788    9    8    6    6
 0.0002332046342930136    9    8    7    1
 0.0008328176150597237    9    8    7    2
 0.0003734361520263817    9    8    7    3
 0.0001022949968827735    9    8    7    4
 -0.0002073027344050062    9    8    7    5
 -1.463192250752641e-05    9    8    7    6
 -0.0009376773305703883    9    8    7    7
 -0.001638313024465506    9    8    8    1
 0.005313799901187624    9    8    8    2
 -0.04437808911862742    9    8    8    3
 -0.0004589702727621057    9    8    8    4
 0.000916432325916325    9    8    8    5
 -0.003688437116364273    9    8    8    6
 0.0007343574221300719    9    8    8    7
 0.01166853180409826    9    8    8    8
 -0.004923017099865569    9    8    9    1
 0.04088432278783444    9    8    9    2
 0.002860274360449623    9    8    9    3
 -0.0008828087891034998    9    8    9    4
 0.001933614271917021    9    8    9    5
 -0.008461489806303886    9    8    9    6
 0.001369855075603687    9    8    9    7
 0.01799413148905445    9    8    9    8
 0.2081816676776682    9    9    1    1
 0.01153097602064985    9    9    2    1
 0.5102610221874084    9    9    2    2
 -0.01716134126677191    9    9    3    1
 0.01522093241406603    9    9    3    2
 0.2099313057502195    9    9    3    3
 0.005003148393002336    9    9    4    1
 -0.001928220999548625    9    9    4    2
 -0.002585121638567335    9    9    4    3
 0.05923434532162004    9    9    4    4
 -0.0105674520686333    9    9    5    1
 0.001393583074625485    9    9    5    2
 0.006442640140575726    9    9    5    3
 -0.002678702359187181    9    9    5    4
 0.09400459016405488    9    9    5    5
 0.04930675342528155    9    9    6    1
 -0.06059977074099588    9    9    6    2
 -0.0008867746199595892    9    9    6    3
 0.008753058992029467    9    9    6    4
 -0.02041817993723428    9    9    6    5
 0.2156525586683319    9    9    6    6
 -0.00863970006204985    9    9    7    1
 0.01084169011176654    9    9    7    2
 -0.0003789916753500657    9    9    7    3
 -0.005365463876469974    9    9    7    4
 0.00633764712655787    9    9    7    5
 -0.005013630602099141    9    9    7    6
 0.0593802101191689    9    9    7    7
 -0.002613270957938258    9    9    8    1
 0.05988000049529351    9    9    8    2
 -0.04591690569618989    9    9    8    3
 0.0001834715242810019    9    9    8    4
 -0.0001817255019642193    9    9    8    5
 -0.01848784691388321    9    9    8    6
 0.002720438461516173    9    9    8    7
 0.2164734356440928    9    9    8    8
 -0.05928211742721615    9    9    9    1
 -0.004948624342816848    9    9    9    2
 0.05936042359398683    9    9    9    3
 -0.01101341356327283    9    9    9    4
 0.02531192015676151    9    9    9    5
 0.01832322357017836    9    9    9    6
 0.001745854656746304    9    9    9    7
 0.02163837341154764    9    9    9    8
 0.536600456309978    9    9    9    9
 0.05988364905135325   10    1    1    1
 0.002916207374313893   10    1    2    1
 0.01900720540999068   10    1    2    2
 -0.0004414584592923058   10    1    3    1
 -0.0007066627782520031   10    1    3    2
 0.006960777713118918   10    1    3    3
 0.00295428198207706   10    1    4    1
 -4.671784049905644e-05   10    1    4    2
 1.599611062541683e-05   10    1    4    3
 -0.02107669168634666   10    1    4    4
 0.0006645119788477356   10    1    5    1
 -0.003361776556317426   10    1    5    2
 0.001468220555220181   10    1    5    3
 -0.003884289325768592   10    1    5    4
 -0.05640684103807608   10    1    5    5
 0.003411116396910195   10    1    6    1
 0.008115027714568398   10    1    6    2
 -0.002892240145646511   10    1    6    3
 0.004125713520444991   10    1    6    4
 -0.02228730520316808   10    1    6    5
 0.06113443348150326   10    1    6    6
 -0.004163263783509785   10    1    7    1
 0.0003666163971522699   10    1    7    2
 -8.734557386518848e-05   10    1    7    3
 0.003870412448759976   10    1    7    4
 -0.007728671544522689   10    1    7    5
 -0.002788643038646626   10    1    7    6
 -0.02209191907426967   10    1    7    7
 -0.003028631262407293   10    1    8    1
 0.001860897827792732   10    1    8    2
 -0.0009940921535129775   10    1    8    3
 7.84837960072327e-05   10    1    8    4
 -0.001776287314045007   10    1    8    5
 -0.0005223030153378475   10    1    8    6
 6.588367745247029e-07   10    1    8    7
 0.007110929783565594   10    1    8    8
 0.009018018401175974   10    1    9    1
 -0.003355178982996631   10    1    9    2
 0.001901695448130605   10    1    9    3
 -0.000315550175492326   10    1    9    4
 0.004482855381328534   10    1    9    5
 0.003891633451964099   10    1    9    6
 -4.97083209994733e-05   10    1    9    7
 -0.0006504085762599425   10    1    9    8
 0.02028414471963672   10    1    9    9
 0.02447595389372594   10    1   10    1
 -0.0007201945743681092   10    2    1    1
 0.0008828483182895918   10    2    2    1
 -0.0243510801651548   10    2    2    2
 0.0007579741857850155   10    2    3    1
 -0.001452466821849204   10    2    3    2
 -0.009720663529274755   10    2    3    3
 -0.0008320325555779357   10    2    4    1
 0.0005848291358740235   10    2    4    2
 -5.447942965081292e-06   10    2    4    3
 0.009926400972795331   10    2    4    4
 -0.0007414057585039035   10    2    5    1
 -8.700720163599907e-06   10    2    5    2
 -0.0005680900833346837   10    2    5    3
 0.001564478064921009   10    2    5    4
 0.0239862683688214   10    2    5    5
 0.001884773383870053   10    2    6    1
 0.004907198179557024   10    2    6    2
 -0.000351336275246792   10    2    6    3
 -0.0003809450884564137   10    2    6    4
 0.004809046968074579   10    2    6    5
 -0.0008733000732950797   10    2    6    6
 0.0003383850260845015   10    2    7    1
 -0.0007696435695987574   10    2    7    2
 6.455939491796651e-05   10    2    7    3
 -0.001591510801440411   10    2    7    4
 0.003037872735261696   10    2    7    5
 0.0008528110015839068   10    2    7    6
 0.01035759471161788   10    2    7    7
 -0.0002110676064545131   10    2    8    1
 -0.003200440332086276   10    2    8    2
 0.001450317858376509   10    2    8    3
 -5.633230867701134e-05   10    2    8    4
 0.00074035638548496   10    2    8    5
 0.0008955850705822159   10    2    8    6
 -7.594861238845653e-06   10    2    8    7
 -0.01022226834183165   10    2    8    8
 0.004482855382027674   10    2    9    1
 -0.003547133061212631   10    2    9    2
 -0.002960850749380177   10    2    9    3
 0.0007639282492029373   10    2    9    4
 -0.003213743589362097   10    2    9    5
 0.000402109210402084   10    2    9    6
 -0.0005618574016589997   10    2    9    7
 -0.001817044044696151   10    2    9    8
 -0.02505808336315646   10    2    9    9
 -0.005146913202671304   10    2   10    1
 0.003358240615723673   10    2   10    2
 -0.0008806994132827785   10    3    1    1
 2.416491588485217e-06   10    3    2    1
 0.0006362519007121683   10    3    2    2
 0.0004265218176558395   10    3    3    1
 -0.0009621773783778964   10    3    3    2
 0.01171721430431947   10    3    3    3
 0.0003029756818795158   10    3    4    1
 -0.000125306859337192   10    3    4    2
 0.0001620950280879879   10    3    4    3
 -0.004640824449092616   10    3    4    4
 0.0004965781973021332   10    3    5    1
 -0.0002584276028006342   10    3    5    2
 -9.201492609760387e-05   10    3    5    3
 -0.0007242998934508346   10    3    5    4
 -0.01045535464726153   10    3    5    5
 -0.0008552713346489674   10    3    6    1
 -0.0003770590976817841   10    3    6    2
 0.0008876800519543799   10    3    6    3
 0.000100446210817553   10    3    6    4
 -0.001869638630719827   10    3    6    5
 -0.0009077698718419807   10    3    6    6
 -8.197906795949916e-05   10    3    7    1
 7.04432413284032e-05   10    3    7    2
 -0.0001920443894142719   10    3    7    3
 0.0006927860481177476   10    3    7    4
 -0.001279026794497645   10    3    7    5
 -0.0003095248000468474   10    3    7    6
 -0.004833015479078421   10    3    7    7
 0.0008510639886775128   10    3    8    1
 -0.002069024639844133   10    3    8    2
 0.002889359000135184   10    3    8    3
 0.0001890719034597177   10    3    8    4
 -0.0006661428866541299   10    3    8    5
 0.0003857946916154862   10    3    8    6
 -0.0001553426182367739   10    3    8    7
 0.01199195214849617   10    3    8    8
 -0.0003155501758652367   10    3    9    1
 -0.000927516659797844   10    3    9    2
 -0.00227585567866616   10    3    9    3
 -7.236702247876813e-05   10    3    9    4
 0.0007639282492556338   10    3    9    5
 1.811940360248846e-05   10    3    9    6
 0.0001268123675210696   10    3    9    7
 -0.0007334120053180235   10    3    9    8
 0.0006838701103244783   10    3    9    9
 0.002005186873883272   10    3   10    1
 -0.0008112798914052047   10    3   10    2
 0.0006948919477322142   10    3   10    3
 0.01753204134823346   10    4    1    1
 -0.0009155361620259389   10    4    2    1
 0.006214788746323285   10    4    2    2
 0.0004385863834192888   10    4    3    1
 -0.0002329876624994884   10    4    3    2
 0.003004220364635255   10    4    3    3
 -0.00419404605285371   10    4    4    1
 0.001966985518798155   10    4    4    2
 -0.0009234352682207252   10    4    4    3
 -0.05959395600060979   10    4    4    4
 0.002143793081136377   10    4    5    1
 -0.0001820920301402262   10    4    5    2
 -7.106855384505507e-05   10    4    5    3
 0.004703047211995908   10    4    5    4
 0.05636628504056798   10    4    5    5
 -0.003641986230502821   10    4    6    1
 0.00193573277926288   10    4    6    2
 -0.0008043580108156574   10    4    6    3
 0.005128830481723196   10    4    6    4
 0.007785212463594867   10    4    6    5
 0.01845832527532133   10    4    6    6
 -0.004961013133341514   10    4    7    1
 0.002168212004669857   10    4    7    2
 -0.0009925726329977991   10    4    7    3
 -0.009082888077955372   10    4    7    4
 0.02114605173056539   10    4    7    5
 0.003897103577852042   10    4    7    6
 -0.06056068264321315   10    4    7    7
 -0.0007884276192528929   10    4    8    1
 0.0005647554055485084   10    4    8    2
 -0.000384021472380115   10    4    8    3
 0.001042143742021955   10    4    8    4
 0.001237514620506802   10    4    8    5
 0.0004318163966447289   10    4    8    6
 0.0008485370647432135   10    4    8    7
 0.003031933152481341   10    4    8    8
 0.001901695448023227   10    4    9    1
 -0.000952314148934872   10    4    9    2
 0.0005633815389531016   10    4    9    3
 -0.00227585567925959   10    4    9    4
 -0.002960850748298556   10    4    9    5
 -0.0007946441233522961   10    4    9    6
 -0.001803938574024439   10    4    9    7
 -0.0002003624401174207   10    4    9    8
 0.006327348075390492   10    4    9    9
 -0.00782137861195447   10    4   10    1
 0.003049025804757898   10    4   10    2
 -0.001278593327673164   10    4   10    3
 0.0236480124217063   10    4   10    4
 -0.04347556383266623   10    5    1    1
 0.00134234687088191   10    5    2    1
 -0.01271007263323214   10    5    2    2
 -0.0006156530708597839   10    5    3    1
 0.000324065558925502   10    5    3    2
 -0.005677446853141203   10    5    3    3
 -0.000348218265812134   10    5    4    1
 0.0002987048597366422   10    5    4    2
 -0.0001748941501894927   10    5    4    3
 0.05005365068387856   10    5    4    4
 -0.0419914544617367   10    5    5    1
 0.01449495193144939   10    5    5    2
 -0.005926426683414562   10    5    5    3
 0.03958730091453017   10    5    5    4
 -0.005583416085966453   10    5    5    5
 0.008147007591497573   10    5    6    1
 -0.003679465686219148   10    5    6    2
 0.0013896351306494   10    5    6    3
 0.001866609978072372   10    5    6    4
 0.005010758277056909   10    5    6    5
 -0.04737298216653052   10    5    6    6
 -0.001835763870412924   10    5    7    1
 0.0008850489241859153   10    5    7    2
 -0.0003869547028750379   10    5    7    3
 -0.009477962912139305   10    5    7    4
 -0.001826675713892419   10    5    7    5
 0.0002969886108414661   10    5    7    6
 0.05369748811619061   10    5    7    7
 0.001267043382279532   10    5    8    1
 -0.0009560864457518194   10    5    8    2
 0.0006800857919854212   10    5    8    3
 0.0003975501794211579   10    5    8    4
 0.001940673438198086   10    5    8    5
 -0.0006609834392895787   10    5    8    6
 0.0001984449583432876   10    5    8    7
 -0.005744651750501687   10    5    8    8
 -0.003355178983076723   10    5    9    1
 0.0015725382634034   10    5    9    2
 -0.0009523141489953836   10    5    9    3
 -0.0009275166601732539   10    5    9    4
 -0.003547133063679602   10    5    9    5
 0.00107904765862668   10    5    9    6
 -0.0003654558213742044   10    5    9    7
 0.0002515681245701748   10    5    9    8
 -0.01301655815489718   10    5    9    9
 -0.006533953608937976   10    5   10    1
 0.003865999912664556   10    5   10    2
 -0.00207904272263913   10    5   10    3
 -0.002833340527061973   10    5   10    4
 0.2065904512612983   10    5   10    5
 -0.0188801522134572   10    6    1    1
 0.008490432151499172   10    6    2    1
 0.00909590699197659   10    6    2    2
 -0.002954058087998877   10    6    3    1
 5.022859457024663e-05   10    6    3    2
 0.002918518886176083   10    6    3    3
 0.002694831180789996   10    6    4    1
 -0.0001642840385484563   10    6    4    2
 3.926401747402029e-05   10    6    4    3
 0.01022849865779426   10    6    4    4
 -0.01648573665499845   10    6    5    1
 0.003170168910519626   10    6    5    2
 -0.001225349536994378   10    6    5    3
 0.00802280696948229   10    6    5    4
 -0.01686363704629265   10    6    5    5
 0.04326477159730197   10    6    6    1
 -0.004279333590684054   10    6    6    2
 0.00151853984676865   10    6    6    3
 0.0003037966332755288   10    6    6    4
 -0.0001026454563332183   10    6    6    5
 -0.02064048425242988   10    6    6    6
 -6.205014835086846e-06   10    6    7    1
 -2.905566938773202e-05   10    6    7    2
 5.883499957781353e-05   10    6    7    3
 -0.001197216907101061   10    6    7    4
 -0.002800438347984789   10    6    7    5
 -0.003036769412805231   10    6    7    6
 0.01088188740444482   10    6    7    7
 0.001423856022447426   10    6    8    1
 0.0008089661241336664   10    6    8    2
 -0.0003105416168991116   10    6    8    3
 -4.541544233059557e-05   10    6    8    4
 0.0003742537198480212   10    6    8    5
 -0.003089770144727854   10    6    8    6
 -4.726684232995023e-05   10    6    8    7
 0.00304370603403826   10    6    8    8
 -0.003891633450821019   10    6    9    1
 -0.001079047659501814   10    6    9    2
 0.0007946441237945833   10    6    9    3
 -1.811940364580979e-05   10    6    9    4
 -0.0004021092106300232   10    6    9    5
 0.00897460394644769   10    6    9    6
 0.0001754228001156683   10    6    9    7
 0.0001848675670079751   10    6    9    8
 0.009747627995953393   10    6    9    9
 -0.002333090441748275   10    6   10    1
 0.0007767625382061713   10    6   10    2
 -0.0005132436585725581   10    6   10    3
 -0.003132953690990692   10    6   10    4
 0.04388643563029232   10    6   10    5
 0.01933009126787871   10    6   10    6
 -0.007467645554114298   10    7    1    1
 -7.249886431630637e-05   10    7    2    1
 -0.002368931444679218   10    7    2    2
 8.593538829770064e-06   10    7    3    1
 3.403006322743852e-05   10    7    3    2
 -0.0009115171725645728   10    7    3    3
 -0.003253469066580686   10    7    4    1
 0.001421709074483325   10    7    4    2
 -0.000646941407341235   10    7    4    3
 0.01070260749734287   10    7    4    4
 -0.008020928126320097   10    7    5    1
 0.003084084980766513   10    7    5    2
 -0.001312887424217467   10    7    5    3
 0.01520996230190598   10    7    5    4
 0.01972790282632283   10    7    5    5
 0.0008741012488455327   10    7    6    1
 -0.0006356024794558145   10    7    6    2
 0.0002397971425724552   10    7    6    3
 0.001192671211354185   10    7    6    4
 0.004515859429263394   10    7    6    5
 -0.008042828372421054   10    7    6    6
 -0.001638313024215207   10    7    7    1
 0.0009164323258431546   10    7    7    2
 -0.000458970272726974   10    7    7    3
 -0.0443780891185051   10    7    7    4
 0.005313799900710298   10    7    7    5
 0.00368843711578213   10    7    7    6
 0.01166853180607919   10    7    7    7
 0.000233204634253029   10    7    8    1
 -0.0002073027344837743   10    7    8    2
 0.000102294997196528   10    7    8    3
 0.0003734361536501024   10    7    8    4
 0.0008328176167162521   10    7    8    5
 1.463192264421106e-05   10    7    8    6
 0.0007343574225018273   10    7    8    7
 -0.0009376773300549427   10    7    8    8
 -0.0006504085765433068   10    7    9    1
 0.0002515681253089819   10    7    9    2
 -0.0002003624402456342   10    7    9    3
 -0.0007334120072637166   10    7    9    4
 -0.001817044044847614   10    7    9    5
 -0.0001848675670669336   10    7    9    6
 -0.001618667172026416   10    7    9    7
 1.138099683686866e-05   10    7    9    8
 -0.002483974774545876   10    7    9    9
 -0.00492301710003047   10    7   10    1
 0.001933614271901476   10    7   10    2
 -0.0008828087890971446   10    7   10    3
 0.002860274359772496   10    7   10    4
 0.04088432278941999   10    7   10    5
 0.008461489806190331   10    7   10    6
 0.01799413148955206   10    7   10    7
 -0.006367205727063082   10    8    1    1
 -1.548250507107131e-05   10    8    2    1
 -0.006498652057546545   10    8    2    2
 0.0006289154858601967   10    8    3    1
 -0.00141161963396367   10    8    3    2
 0.002956126814174447   10    8    3    3
 -0.0001366081932137922   10    8    4    1
 1.856293990396892e-05   10    8    4    2
 0.0001448690297775908   10    8    4    3
 0.002855998510660017   10    8    4    4
 -0.001200282915066117   10    8    5    1
 0.0005352473461210779   10    8    5    2
 -0.0005443198026667911   10    8    5    3
 0.001253713600592306   10    8    5    4
 0.001634674930718403   10    8    5    5
 0.0002241842577393915   10    8    6    1
 7.741218278233672e-05   10    8    6    2
 0.0006875160664858665   10    8    6    3
 -0.0003046395669160427   10    8    6    4
 0.00144659729413443   10    8    6    5
 -0.00664386951519552   10    8    6    6
 0.0003096880550256298   10    8    7    1
 -0.0001345597043976367   10    8    7    2
 -9.989664352147734e-05   10    8    7    3
 -0.0003814836731954882   10    8    7    4
 8.058667139240655e-05   10    8    7    5
 0.0001273926548741476   10    8    7    6
 0.003016335164817235   10    8    7    7
 0.0007564487922984756   10    8    8    1
 -0.002023037156005005   10    8    8    2
 0.006785273873287469   10    8    8    3
 0.0001115608768471596   10    8    8    4
 -0.0001093784133068766   10    8    8    5
 0.0006913346889549698   10    8    8    6
 -0.0001537509966646187   10    8    8    7
 0.003137807392508416   10    8    8    8
 -4.970831911284604e-05   10    8    9    1
 -0.0003654558239287129   10    8    9    2
 -0.001803938571088937   10    8    9    3
 0.0001268123677622994   10    8    9    4
 -0.0005618574032058019   10    8    9    5
 -0.0001754228000768976   10    8    9    6
 -1.228180577314699e-05   10    8    9    7
 -0.001618667172572121   10    8    9    8
 -0.006772012799079075   10    8    9    9
 -0.001643041247648482   10    8   10    1
 0.0006242117265271561   10    8   10    2
 6.684448838648896e-05   10    8   10    3
 2.780623238225082e-05   10    8   10    4
 0.006032856112868214   10    8   10    5
 0.001391110548735001   10    8   10    6
 0.001369855076153404   10    8   10    7
 0.0005810503314005714   10    8   10    8
 0.0189715472547313   10    9    1    1
 0.003014348081174188   10    9    2    1
 -0.0007626836518774271   10    9    2    2
 0.0002345596416054531   10    9    3    1
 -0.002986984476818261   10    9    3    2
 -0.005732479264339325   10    9    3    3
 0.0002345596418198688   10    9    4    1
 0.0005540488575797306   10    9    4    2
 -1.831349809691928e-05   10    9    4    3
 -0.005732479265495601   10    9    4    4
 0.003014348080188618   10    9    5    1
 -0.002571119442534445   10    9    5    2
 0.0005540488575420748   10    9    5    3
 -0.002986984476246916   10    9    5    4
 -0.0007626836562419734   10    9    5    5
 1.221008243759608e-12   10    9    6    1
 0.003420864185839405   10    9    6    2
 -0.0008241501537319337   10    9    6    3
 0.0008241501538971494   10    9    6    4
 -0.003420864186471824   10    9    6    5
 0.01975768326857003   10    9    6    6
 -0.0008549655151518665   10    9    7    1
 -0.0002330845791037152   10    9    7    2
 -1.230292896702113e-06   10    9    7    3
 0.0007699366311874149   10    9    7    4
 0.0001752177162017611   10    9    7    5
 -0.0002006331840508132   10    9    7    6
 -0.006073090358821648   10    9    7    7
 -0.0008549655147586126   10    9    8    1
 0.0001752177166374323   10    9    8    2
 0.0007699366326682507   10    9    8    3
 -1.230292858333556e-06   10    9    8    4
 -0.0002330845799295851   10    9    8    5
 0.0002006331840459167   10    9    8    6
 1.736351409765953e-05   10    9    8    7
 -0.006073090357715322   10    9    8    8
 0.003958748664947749   10    9    9    1
 -0.01477453062281075   10    9    9    2
 0.0003037397204390876   10    9    9    3
 0.0002796139407479183   10    9    9    4
 -0.000105502068735906   10    9    9    5
 0.003571721656600847   10    9    9    6
 -0.0005940798098102171   10    9    9    7
 -0.003231280304205291   10    9    9    8
 -0.0008127389383065814   10    9    9    9
 0.003958748665807562   10    9   10    1
 -0.0001055020692812325   10    9   10    2
 0.0002796139408285441   10    9   10    3
 0.0003037397199017713   10    9   10    4
 -0.01477453062049698   10    9   10    5
 -0.003571721655138566   10    9   10    6
 -0.003231280303794451   10    9   10    7
 -0.0005940798094843421   10    9   10    8
 0.002784734492502763   10    9   10    9
 0.2081816676780787   10   10    1    1
 -0.01056745206829173   10   10    2    1
 0.09400459016486387   10   10    2    2
 0.00500314839280798   10   10    3    1
 -0.002678702359126369   10   10    3    2
 0.05923434532130045   10   10    3    3
 -0.017161341266698   10   10    4    1
 0.006442640140579636   10   10    4    2
 -0.002585121638578667   10   10    4    3
 0.209931305750207   10   10    4    4
 0.01153097602030986   10   10    5    1
 0.00139358307458735   10   10    5    2
 -0.001928220999558932   10   10    5    3
 0.01522093241425132   10   10    5    4
 0.5102610221868839   10   10    5    5
 -0.04930675342327785   10   10    6    1
 0.02041817993690637   10   10    6    2
 -0.008753058991918786   10   10    6    3
 0.0008867746196129872   10   10    6    4
 0.06059977074050023   10   10    6    5
 0.2156525586690318   10   10    6    6
 -0.002613270959481067   10   10    7    1
 -0.0001817255010378027   10   10    7    2
 0.0001834715237707763   10   10    7    3
 -0.0459169056967677   10   10    7    4
 0.05988000049740971   10   10    7    5
 0.01848784691421106   10   10    7    6
 0.2164734356451254   10   10    7    7
 -0.008639700065096236   10   10    8    1
 0.00633764712806366   10   10    8    2
 -0.005365463877624648   10   10    8    3
 -0.0003789916711686702   10   10    8    4
 0.01084169011011942   10   10    8    5
 0.005013630602180101   10   10    8    6
 0.002720438457516665   10   10    8    7
 0.05938021011889446   10   10    8    8
 0.02028414471948805   10   10    9    1
 -0.01301655815526211   10   10    9    2
 0.006327348075600138   10   10    9    3
 0.0006838701076013026   10   10    9    4
 -0.02505808335955896   10   10    9    5
 -0.009747627992635021   10   10    9    6
 -0.006772012793889864   10   10    9    7
 -0.002483974774078508   10   10    9    8
 0.09482519344894   10   10    9    9
 -0.05928211742724573   10   10   10    1
 0.02531192015660289   10   10   10    2
 -0.01101341356309142   10   10   10    3
 0.05936042359376149   10   10   10    4
 -0.00494862434169548   10   10   10    5
 -0.01832322357508546   10   10   10    6
 0.0216383734105019   10   10   10    7
 0.001745854676977725   10   10   10    8
 -0.000812738942928396   10   10   10    9
 0.5366004563088542   10   10   10   10
 -1.982086854817224    1    1  0  0
 -0.04287599899822508    2    1  0  0
 -1.92211850288924    2    2  0  0
 0.02243354678272311    3    1  0  0
 -0.05629553934194406    3    2  0  0
 -1.643776143892274    3    3  0  0
 0.02243354678258891    4    1  0  0
 -0.01295319037397811    4    2  0  0
 0.008957682599619881    4    3  0  0
 -1.643776143892255    4    4  0  0
 -0.04287599899820795    5    1  0  0
 0.01767681460866002    5    2  0  0
 -0.01295319037395883    5    3  0  0
 -0.0562955393419662    5    4  0  0
 -1.922118502889224    5    5  0  0
 -1.56771852025842e-13    6    1  0  0
 -0.02242601424711058    6    2  0  0
 0.0259611360531893    6    3  0  0
 -0.02596113605388528    6    4  0  0
 0.02242601424717308    6    5  0  0
 -1.74670894080985    6    6  0  0
 0.01771749884283253    7    1  0  0
 -0.006101073145153266    7    2  0  0
 -0.001067271420396057    7    3  0  0
 0.1367803578593614    7    4  0  0
 -0.04111313315448862    7    5  0  0
 -0.006188080086257648    7    6  0  0
 -1.416337416524387    7    7  0  0
 0.01771749884220831    8    1  0  0
 -0.04111313315457938    8    2  0  0
 0.1367803578598906    8    3  0  0
 -0.00106727142806688    8    4  0  0
 -0.00610107314200805    8    5  0  0
 0.006188080080303053    8    6  0  0
 -0.005385106752141819    8    7  0  0
 -1.416337416523086    8    8  0  0
 -0.001728681632496477    9    1  0  0
 0.03446912490099999    9    2  0  0
 -0.06335220701596331    9    3  0  0
 0.01022025141467398    9    4  0  0
 -0.004176574162225138    9    5  0  0
 0.04738960052481472    9    6  0  0
 0.005798049575599215    9    7  0  0
 0.03823464836025708    9    8  0  0
 -1.687389435901091    9    9  0  0
 -0.001728681633200452   10    1  0  0
 -0.004176574160360391   10    2  0  0
 0.01022025140825695   10    3  0  0
 -0.06335220701566861   10    4  0  0
 0.03446912490140386   10    5  0  0
 -0.04738960052590198   10    6  0  0
 0.03823464836124946   10    7  0  0
 0.005798049562304127   10    8  0  0
 -0.001847120291751173   10    9  0  0
 -1.687389435902786   10   10  0  0
 6.37978775367589  0  0  0  0
